-0.430061000000000027
-0.024573999999999999
-1.857369999999999965
-0.013814999999999999
0.419246999999999981
-0.213586999999999999
0.160069999999999990
0.741837999999999997
0.008469000000000001
-0.726033999999999957
-4.742060000000000386
0.069489999999999996
-0.332739999999999980
0.458428999999999975
-1.034010000000000096
-0.436593999999999982
0.087068000000000006
-1.174790000000000001
0.295038000000000022
0.648179999999999978
0.596976999999999980
-2.175559999999999938
-1.110589999999999966
-0.429719000000000018
0.241839999999999999
0.161131999999999997
0.103250999999999996
0.190621000000000013
-2.562809999999999810
0.428493999999999986
0.165919000000000011
-0.041314999999999998
-3.212019999999999875
0.016572000000000000
-1.449510000000000076
-0.212716999999999989
0.096362000000000003
-0.183610999999999996
-0.554533999999999971
0.339886000000000021
0.366640000000000021
1.187249999999999917
-7.006599999999999717
0.864816000000000029
-4.086649999999999672
0.190656999999999993
0.438983999999999985
-0.664788999999999963
-0.114347000000000004
0.121705999999999995
