0.083549999999999999
-0.021326000000000001
0.756291000000000047
-1.250820000000000043
0.178468999999999989
-0.339158000000000015
0.109226000000000004
-1.262140000000000040
-0.356488000000000027
-0.008293999999999999
-0.020118000000000000
-0.192038999999999987
-0.089258000000000004
-0.206319000000000002
0.105052999999999994
-0.093223000000000000
-0.245924000000000004
0.159416000000000002
0.465793999999999986
-0.760039000000000020
0.127212999999999993
0.393189000000000011
-0.071787000000000004
0.319830999999999976
-0.014118000000000000
-0.006604000000000000
-0.703713999999999951
0.440894000000000008
-0.403874000000000011
-0.550258000000000025
-1.333550000000000013
-1.119560000000000111
-0.731673000000000018
0.237414999999999987
-0.827488000000000001
0.317529000000000006
-0.741801000000000044
-0.017441000000000002
-0.302205999999999975
-0.099698999999999996
0.655078999999999967
1.252410000000000023
0.039099000000000002
-0.024237999999999999
-0.385695999999999983
-0.359070999999999974
-0.155855999999999995
0.028597000000000001
-0.426622999999999974
0.780924999999999980
