0.227629999999999999
-0.188762000000000013
0.053408999999999998
-0.377861000000000002
-0.081253000000000006
-0.588651000000000035
0.074607000000000007
-0.392886999999999986
-0.356302999999999981
-0.167712000000000000
0.058710999999999999
0.183916999999999997
0.131956999999999991
-0.308680999999999983
0.196928999999999993
0.206663999999999987
-0.311695999999999973
0.030658000000000001
-0.138822000000000001
-0.347434000000000021
-0.004518000000000000
-0.390616000000000019
0.096962999999999994
0.009833000000000000
-0.018859000000000001
-0.231918999999999986
-0.238164999999999988
0.071014999999999995
-0.141913000000000011
-0.442307000000000006
0.559084000000000025
0.135482999999999992
-0.373217000000000021
-0.415389999999999981
0.759638000000000035
0.132824999999999999
0.235565999999999998
0.214857999999999993
-0.440840999999999983
-0.077297000000000005
0.221605999999999997
-0.006509000000000000
-0.634843000000000046
-0.153832999999999998
-0.057303000000000000
-0.109229000000000007
0.037033999999999997
0.053809000000000003
-0.447550000000000003
0.175916999999999990
