1.484159999999999924
-0.039273000000000002
-0.090784000000000004
-2.473970000000000002
-2.268639999999999990
0.289910999999999974
0.084977999999999998
-0.021694000000000001
-0.688173000000000035
-0.245357999999999993
-0.408882999999999996
0.345316000000000012
-1.175380000000000091
-0.129693000000000003
-0.015381000000000001
2.302979999999999805
0.472198999999999980
-0.466608999999999996
-1.123510000000000009
0.495937000000000017
-0.570643000000000011
-0.788514999999999966
1.016520000000000090
0.462602000000000013
-1.629129999999999967
-0.584215000000000040
0.124253000000000002
-0.077461000000000002
0.288895999999999986
-1.927219999999999933
-1.861280000000000046
0.507499000000000033
2.086430000000000007
-0.100974999999999995
0.302989000000000008
-0.800884999999999958
-0.166501000000000010
0.224915000000000004
-0.313769999999999993
-0.088513999999999995
-0.041322999999999999
-0.688478000000000034
0.099973000000000006
0.235693000000000014
0.200207999999999997
0.185321999999999987
0.213241999999999987
-0.036336000000000000
0.076284000000000005
-0.216393000000000002
