0.343884000000000023
-0.148704000000000003
-0.182344000000000006
2.092820000000000125
0.057391999999999999
1.072780000000000067
-3.537500000000000089
0.290246000000000004
1.785279999999999978
0.570392000000000010
0.102578000000000003
-0.867693999999999965
-1.888439999999999896
-1.114889999999999937
-0.445674999999999988
0.694015999999999966
1.277619999999999978
-1.291120000000000045
-1.342249999999999943
-0.159671000000000007
0.645222999999999991
0.988628999999999980
0.516151000000000026
-2.382740000000000080
0.676756000000000024
0.761866999999999961
0.056760999999999999
-0.222460999999999992
1.869569999999999954
1.052049999999999930
-0.107629000000000002
0.090662000000000006
2.556319999999999926
0.875174000000000007
0.082792000000000004
-1.162449999999999983
1.196830000000000060
0.119458999999999996
0.052382999999999999
-0.251439999999999997
0.971200999999999981
0.414522999999999975
0.559316000000000035
0.711265000000000036
-3.244779999999999998
0.579999999999999960
0.165872999999999993
-1.293269999999999920
-0.331040999999999974
-0.654164999999999996
