0.000229164434131235
-0.004388765431940556
-0.004479816183447838
0.002509956015273929
0.001721711014397442
0.006215179804712534
0.000000000000000000
-0.000335912278387696
-0.004432114772498608
0.006491117645055056
-0.005659270565956831
-0.006505856756120920
-0.004172438289970160
-0.000943153514526784
-0.002627447945997119
0.000070443173171952
0.005220285616815090
-0.005813827738165855
0.005353164393454790
-0.006039058789610863
-0.005822173319756985
0.003198735881596804
-0.005249922163784504
0.000000000000000000
-0.001603189040906727
-0.000234466919209808
-0.004833210725337267
0.006391830276697874
0.001825893181376159
0.000298074213787913
0.001362351817078888
-0.005996721331030130
0.006077184807509184
-0.003431775607168674
0.004501256626099348
-0.005158032756298780
0.002297022845596075
-0.003721567802131176
0.005053238477557898
-0.004002275411039591
-0.005149248521775007
0.002273106947541237
0.000679568445775658
0.005098420195281506
-0.003713567741215229
-0.006309208460152149
0.001054763095453382
-0.005692116916179657
0.000193558953469619
0.003051698440685868
-0.005331229884177446
-0.006479778327047825
-0.003933708649128675
0.001282620127312839
0.000643555831629783
-0.003956718835979700
0.000222536225919612
-0.003614712739363313
-0.002436995971947908
0.001134730875492096
0.003458086168393493
0.001475798431783915
0.003298867959529161
0.002499470487236977
0.005124662071466446
0.002089134650304914
-0.004858869127929211
0.006765910889953375
0.000893604010343552
0.003105770330876112
0.006762780714780092
-0.005911466199904680
0.002788236597552896
-0.003221382154151797
0.007095471024513245
-0.000528581847902387
0.000423036573920399
-0.004575824365019798
0.006911741569638252
-0.000322761945426464
0.000000000000000000
-0.005141811911016703
-0.005347022786736488
0.001220909762196243
-0.000410358305089176
0.003106253454461694
-0.005822785198688507
0.000000000000000000
0.001488209003582597
-0.000877257669344544
-0.000393465452361852
-0.003805411281064153
0.000461028859717771
-0.003581710858270526
0.002572511322796345
-0.004040684551000595
0.003944622818380594
0.006535555701702833
-0.000420970784034580
0.005510767456144094
