-0.011762579903006554
0.015068079344928265
-0.011773677542805672
0.020419005304574966
0.023559732362627983
-0.010804310441017151
0.004071565344929695
0.002500111004337668
-0.016322499141097069
-0.037737525999546051
-0.005407370626926422
-0.006276312749832869
0.009043199941515923
0.002728379098698497
-0.012344673275947571
0.031712047755718231
0.004144387319684029
0.016115134581923485
0.006032314151525497
-0.005254135932773352
0.009075050242245197
0.028047973290085793
-0.001898948801681399
0.011939189396798611
-0.013807049021124840
-0.009982316754758358
-0.018835114315152168
0.017071960493922234
0.009848596528172493
0.001278963871300220
0.023626856505870819
-0.013014079071581364
0.016775807365775108
0.008170640096068382
0.011345237493515015
-0.008237478323280811
0.014526939019560814
0.031145066022872925
0.013259152881801128
-0.008850404992699623
0.003219324862584472
0.002967255422845483
-0.008920789696276188
0.005208480637520552
-0.001056322129443288
0.012153854593634605
0.001215235097333789
0.005504365079104900
0.006554231047630310
0.004086206667125225
0.009240356273949146
-0.006390688009560108
0.002266850322484970
-0.013657911680638790
-0.022608829662203789
0.022120833396911621
0.001679872395470738
0.024796903133392334
-0.004586148541420698
-0.001731654279865324
0.018496140837669373
-0.003913741558790207
-0.013570988550782204
0.000013453740393743
-0.041560217738151550
0.021009255200624466
-0.003360661678016186
0.003852811176329851
0.005957663524895906
0.022543473169207573
-0.000385399558581412
-0.013765030540525913
0.027840930968523026
-0.018347522243857384
0.003918013069778681
-0.013473957777023315
-0.023141765967011452
0.010336967185139656
-0.016798771917819977
0.001948604243807495
0.027718262746930122
0.009571645408868790
0.023825557902455330
0.011590342037379742
-0.008692001923918724
-0.004004822578281164
0.003772590309381485
0.000618072517681867
-0.016664490103721619
0.005438248161226511
-0.018268162384629250
-0.009757717140018940
-0.003244349732995033
0.026688234880566597
-0.014851067215204239
0.000087764652562328
-0.015292232856154442
-0.002509090816602111
0.012939244508743286
-0.003396671265363693
0.000620069680735469
-0.007445182185620070
0.015642188489437103
-0.015244315378367901
0.022045705467462540
0.000078996643424034
0.004399161320179701
-0.001263012993149459
0.028800405561923981
-0.008742715232074261
0.000972865091171116
0.005652247462421656
0.023530060425400734
0.005524300970137119
0.009457994252443314
-0.008109074085950851
-0.001358918962068856
-0.006812659557908773
0.010510063730180264
0.008496061898767948
-0.010419063270092010
0.011627077125012875
-0.020501276478171349
0.014422739855945110
0.017288587987422943
-0.016203999519348145
0.006861670874059200
-0.010951766744256020
