-0.033338040113449097
0.027012899518013000
-0.005429076496511698
0.025310063734650612
0.015522572211921215
-0.005134113132953644
-0.006924611516296864
0.021439753472805023
-0.024325784295797348
0.000705661135725677
-0.024119239300489426
0.026111960411071777
0.005824257154017687
-0.010425058193504810
0.012844050303101540
-0.010736617259681225
-0.050599697977304459
-0.014140205457806587
-0.012384528294205666
0.023423064500093460
0.038881719112396240
0.050457637757062912
-0.014605327509343624
0.026721738278865814
0.000591057410929352
-0.011751273646950722
0.022443730384111404
0.034256394952535629
0.018165912479162216
0.017772071063518524
-0.008610145188868046
0.021445089951157570
0.016741961240768433
0.008971157483756542
0.024609878659248352
0.026615230366587639
-0.031723804771900177
0.007298852317035198
-0.008090691640973091
-0.008681515231728554
-0.000103770427813288
-0.005714894738048315
-0.028511367738246918
-0.020268538966774940
0.015969451516866684
0.026859339326620102
0.009257108904421329
0.020614391192793846
-0.028202999383211136
0.019155219197273254
-0.007818743586540222
-0.017011007294058800
0.018264204263687134
-0.014967681840062141
-0.022985573858022690
0.015279660001397133
0.020861264318227768
0.031692471355199814
-0.009452927857637405
0.008585424162447453
0.009676356799900532
-0.004957058466970921
-0.009490687400102615
-0.011948516592383385
-0.016822809353470802
0.005681116599589586
0.026991724967956543
0.055160716176033020
0.026639120653271675
0.003151963930577040
0.002302090870216489
-0.008014186285436153
0.002154716290533543
-0.062749370932579041
-0.000271045486442745
-0.029708657413721085
0.016991261392831802
-0.000024310080334544
0.025433490052819252
-0.045388456434011459
-0.006803319323807955
-0.001202479121275246
0.051147036254405975
0.036325473338365555
-0.000909210473764688
-0.010454328730702400
-0.015754735097289085
-0.005548106506466866
0.022772876545786858
0.035537172108888626
0.004783114884048700
0.006926575675606728
-0.002571748802438378
0.013453040271997452
0.004574116319417953
0.022703140974044800
-0.008401889353990555
0.019886391237378120
-0.009333959780633450
0.030116135254502296
-0.010253299959003925
0.011101155541837215
-0.025959009304642677
0.029448490589857101
0.032263886183500290
0.022359916940331459
-0.011519381776452065
-0.004007541574537754
-0.008764941245317459
-0.020666630938649178
-0.037521146237850189
0.052030730992555618
-0.013939539901912212
0.012227253057062626
-0.017521699890494347
0.016820834949612617
0.010458051227033138
-0.004880028311163187
0.027575815096497536
0.029665652662515640
0.017271511256694794
0.005885195452719927
-0.020350923761725426
-0.015495426021516323
-0.005715574137866497
0.047968201339244843
-0.012857832014560699
-0.004031455144286156
