100%|¦¦¦¦¦¦¦¦¦¦| 5754/5754 [00:00<00:00, 771720.82it/s]Obtained all paths
PRINTING PURE RULES WITH SUPPORT MORE THAN 100 FOR EVERY LABEL:
Class: 16.0 , Rule:(neurons: [65, 22, 28, 17, 14, 48, 113, 19, 76, 52, 62, 51, 68, 116, 98, 66, 11] ,signature: [0, 0, 0, 1, 0, 0, 1, 0, 1, 1, 0, 0, 0, 0, 1, 1, 1] ),Support: 4
Class: 16.0 , Rule:(neurons: [65, 22, 28, 17, 14, 48, 113, 19, 105, 62, 44, 66, 116, 47, 52, 79] ,signature: [0, 0, 0, 1, 0, 0, 1, 1, 0, 0, 0, 0, 1, 0, 0, 0] ),Support: 4
Class: 16.0 , Rule:(neurons: [65, 22, 28, 17, 14, 29, 43, 62, 51, 3, 124, 9, 101, 48] ,signature: [0, 0, 0, 1, 1, 0, 1, 0, 0, 0, 0, 0, 1, 0] ),Support: 4
Class: 16.0 , Rule:(neurons: [65, 22, 28, 17, 14, 48, 113, 19, 105, 61, 62, 49, 52, 34, 33, 4, 106, 99, 96] ,signature: [0, 0, 0, 1, 0, 0, 1, 1, 1, 0, 0, 0, 0, 1, 1, 1, 1, 1, 0] ),Support: 3
Class: 16.0 , Rule:(neurons: [65, 22, 28, 17, 14, 48, 113, 19, 105, 61, 62, 49, 52, 76, 51, 33, 96] ,signature: [0, 0, 0, 1, 0, 0, 1, 1, 1, 0, 0, 0, 1, 1, 0, 0, 0] ),Support: 3
Class: 16.0 , Rule:(neurons: [65, 22, 28, 17, 14, 48, 45, 4, 61, 89, 2, 34] ,signature: [0, 0, 0, 1, 0, 1, 1, 0, 1, 0, 0, 1] ),Support: 3
Class: 16.0 , Rule:(neurons: [65, 22, 28, 19, 62, 17, 34, 54, 126, 116, 99, 26] ,signature: [0, 0, 1, 1, 0, 0, 1, 0, 1, 1, 0, 1] ),Support: 3
Class: 16.0 , Rule:(neurons: [65, 22, 28, 19, 62, 17, 66, 79, 104, 99, 101, 76] ,signature: [0, 0, 1, 1, 0, 1, 0, 0, 0, 0, 1, 1] ),Support: 3

Class: 16.0 , Rule:(neurons: [65, 91, 62, 4, 106, 19, 0, 85, 9, 28] ,signature: [1, 0, 0, 0, 0, 1, 1, 0, 0, 0] ),Support: 3
Class: 16.0 , Rule:(neurons: [65, 91, 62, 4, 106, 1, 49, 79, 52, 77, 85, 104, 28, 2] ,signature: [1, 0, 0, 0, 1, 0, 0, 1, 0, 0, 0, 1, 0, 0] ),Support: 3
Class: 16.0 , Rule:(neurons: [65, 22, 28, 17, 14, 48, 113, 77, 27, 35, 20, 88] ,signature: [0, 0, 0, 1, 0, 0, 0, 1, 0, 1, 0, 1] ),Support: 2
Class: 16.0 , Rule:(neurons: [65, 22, 28, 17, 14, 48, 113, 19, 76, 52, 122, 79, 57, 68, 27, 104, 34] ,signature: [0, 0, 0, 1, 0, 0, 1, 0, 1, 0, 0, 0, 0, 0, 0, 0, 0] ),Support: 2
Class: 16.0 , Rule:(neurons: [65, 22, 28, 17, 14, 48, 113, 19, 76, 52, 122, 79, 57, 68, 124, 39] ,signature: [0, 0, 0, 1, 0, 0, 1, 0, 1, 0, 0, 0, 0, 1, 0, 0] ),Support: 2
Class: 16.0 , Rule:(neurons: [65, 22, 28, 17, 14, 48, 113, 19, 76, 52, 62, 51, 68, 116, 98, 66, 11, 5, 127, 78, 84] ,signature: [0, 0, 0, 1, 0, 0, 1, 0, 1, 1, 0, 0, 0, 0, 1, 1, 0, 0, 1, 1, 1] ),Support: 2
Class: 16.0 , Rule:(neurons: [65, 22, 28, 17, 14, 48, 113, 19, 76, 52, 62, 51, 68, 34, 110, 99, 74, 104] ,signature: [0, 0, 0, 1, 0, 0, 1, 0, 1, 1, 0, 0, 1, 1, 0, 1, 1, 0] ),Support: 2
Class: 16.0 , Rule:(neurons: [65, 22, 28, 17, 14, 48, 113, 19, 105, 62, 44, 66, 116, 34, 98] ,signature: [0, 0, 0, 1, 0, 0, 1, 1, 0, 0, 0, 0, 0, 1, 1] ),Support: 2
Class: 16.0 , Rule:(neurons: [65, 22, 28, 17, 14, 48, 113, 19, 105, 62, 44, 66, 91, 80, 79, 5, 110] ,signature: [0, 0, 0, 1, 0, 0, 1, 1, 0, 0, 0, 1, 0, 0, 0, 1, 0] ),Support: 2
Class: 16.0 , Rule:(neurons: [65, 22, 28, 17, 14, 48, 113, 19, 105, 62, 44, 66, 91, 80, 42, 92, 57] ,signature: [0, 0, 0, 1, 0, 0, 1, 1, 0, 0, 0, 1, 0, 1, 0, 1, 0] ),Support: 2
Class: 16.0 , Rule:(neurons: [65, 22, 28, 17, 14, 48, 113, 19, 105, 62, 44, 66, 91, 80, 42, 110, 88, 102, 96] ,signature: [0, 0, 0, 1, 0, 0, 1, 1, 0, 0, 0, 1, 0, 1, 1, 1, 0, 1, 0] ),Support: 2
Class: 16.0 , Rule:(neurons: [65, 22, 28, 17, 14, 48, 113, 19, 105, 62, 44, 66, 91, 80, 42, 110, 88, 11] ,signature: [0, 0, 0, 1, 0, 0, 1, 1, 0, 0, 0, 1, 0, 1, 1, 1, 1, 1] ),Support: 2
Class: 16.0 , Rule:(neurons: [65, 22, 28, 17, 14, 48, 113, 19, 105, 62, 44, 13, 42, 96, 36] ,signature: [0, 0, 0, 1, 0, 0, 1, 1, 0, 0, 1, 0, 1, 0, 1] ),Support: 2
Class: 16.0 , Rule:(neurons: [65, 22, 28, 17, 14, 48, 113, 19, 105, 62, 127, 9, 35, 3, 92, 33, 4] ,signature: [0, 0, 0, 1, 0, 0, 1, 1, 0, 1, 1, 0, 1, 1, 0, 1, 1] ),Support: 2
Class: 16.0 , Rule:(neurons: [65, 22, 28, 17, 14, 48, 113, 19, 105, 61, 62, 49, 29, 54, 34, 68, 76, 64, 94] ,signature: [0, 0, 0, 1, 0, 0, 1, 1, 1, 0, 0, 1, 0, 1, 0, 1, 1, 0, 0] ),Support: 2
Class: 16.0 , Rule:(neurons: [65, 22, 28, 17, 14, 48, 113, 19, 105, 61, 62, 11, 91, 104, 119, 20, 76, 96, 94, 21] ,signature: [0, 0, 0, 1, 0, 0, 1, 1, 1, 0, 1, 0, 0, 0, 1, 1, 1, 0, 0, 1] ),Support: 2
Class: 16.0 , Rule:(neurons: [65, 22, 28, 17, 14, 48, 45, 113, 20, 36, 51, 89, 121] ,signature: [0, 0, 0, 1, 0, 1, 0, 0, 0, 1, 0, 1, 0] ),Support: 2
Class: 16.0 , Rule:(neurons: [65, 22, 28, 17, 14, 48, 45, 4, 61, 84, 69, 92, 118, 44, 93] ,signature: [0, 0, 0, 1, 0, 1, 1, 0, 0, 1, 0, 1, 1, 0, 0] ),Support: 2
Class: 16.0 , Rule:(neurons: [65, 22, 28, 19, 68, 116, 45, 77, 39, 8, 31, 17] ,signature: [0, 0, 1, 0, 0, 0, 0, 0, 1, 0, 0, 1] ),Support: 2
Class: 16.0 , Rule:(neurons: [65, 22, 28, 19, 68, 116, 8, 104, 43, 34, 84, 66] ,signature: [0, 0, 1, 0, 0, 1, 1, 0, 1, 0, 1, 0] ),Support: 2
Class: 16.0 , Rule:(neurons: [65, 22, 28, 19, 62, 17, 34, 40, 94, 96, 49, 99] ,signature: [0, 0, 1, 1, 0, 0, 0, 1, 0, 0, 1, 0] ),Support: 2
Class: 16.0 , Rule:(neurons: [65, 22, 28, 19, 62, 17, 66, 79, 104, 99, 52, 123, 127, 35, 55] ,signature: [0, 0, 1, 1, 0, 1, 0, 0, 0, 1, 0, 1, 1, 0, 1] ),Support: 2
Class: 16.0 , Rule:(neurons: [65, 22, 28, 19, 62, 17, 66, 79, 104, 99, 52, 33] ,signature: [0, 0, 1, 1, 0, 1, 0, 0, 0, 1, 1, 0] ),Support: 2
Class: 16.0 , Rule:(neurons: [65, 22, 28, 19, 62, 17, 66, 79, 110, 123, 109] ,signature: [0, 0, 1, 1, 0, 1, 0, 1, 1, 1, 0] ),Support: 2
Class: 16.0 , Rule:(neurons: [65, 22, 28, 19, 62, 17, 66, 80, 73, 77, 64, 26, 4, 0, 102] ,signature: [0, 0, 1, 1, 0, 1, 1, 0, 0, 0, 1, 1, 0, 0, 0] ),Support: 2
Class: 16.0 , Rule:(neurons: [65, 22, 28, 19, 62, 104, 99, 11, 110, 116, 3] ,signature: [0, 0, 1, 1, 1, 0, 0, 0, 0, 1, 1] ),Support: 2
Class: 16.0 , Rule:(neurons: [65, 91, 62, 4, 106, 1, 49, 79, 52, 77, 85, 2, 28, 75, 118] ,signature: [1, 0, 0, 0, 1, 0, 0, 1, 0, 0, 1, 0, 0, 0, 1] ),Support: 2
Class: 16.0 , Rule:(neurons: [65, 91, 62, 4, 106, 1, 49, 79, 52, 77, 85, 2, 28] ,signature: [1, 0, 0, 0, 1, 0, 0, 1, 0, 0, 1, 0, 1] ),Support: 2
Class: 16.0 , Rule:(neurons: [65, 91, 62, 4, 106, 1, 49, 79, 52, 66, 5, 57, 59, 9, 22, 48, 33, 116] ,signature: [1, 0, 0, 0, 1, 0, 0, 1, 1, 1, 1, 1, 0, 1, 0, 1, 0, 1] ),Support: 2
Class: 16.0 , Rule:(neurons: [65, 91, 62, 4, 25, 97, 71, 48, 21, 44, 49, 115, 38, 80, 101, 69, 34, 52, 2] ,signature: [1, 0, 0, 1, 1, 0, 1, 1, 0, 1, 0, 1, 0, 1, 1, 1, 0, 0, 0] ),Support: 2
Class: 16.0 , Rule:(neurons: [65, 22, 28, 17, 96, 62, 45, 29, 43, 88, 19] ,signature: [0, 0, 0, 0, 0, 0, 0, 0, 0, 0, 1] ),Support: 1
Class: 16.0 , Rule:(neurons: [65, 22, 28, 17, 96, 62, 45, 29, 43, 34, 109, 13, 9] ,signature: [0, 0, 0, 0, 0, 0, 0, 0, 1, 0, 0, 1, 0] ),Support: 1
Class: 16.0 , Rule:(neurons: [65, 22, 28, 17, 96, 62, 45, 0, 76, 5, 4, 122, 94, 99, 43] ,signature: [0, 0, 0, 0, 0, 0, 1, 0, 1, 0, 1, 1, 1, 1, 0] ),Support: 1
Class: 16.0 , Rule:(neurons: [65, 22, 28, 17, 96, 118, 62, 104, 122, 20, 91, 127, 0, 32, 113, 57, 54, 43, 63, 29, 14, 116, 76, 19] ,signature: [0, 0, 0, 0, 1, 1, 1, 0, 0, 1, 0, 1, 1, 1, 1, 1, 1, 1, 1, 0, 1, 0, 1, 1] ),Support: 1
Class: 16.0 , Rule:(neurons: [65, 22, 28, 17, 14, 48, 113, 77, 79, 122, 102, 25, 80, 99, 2, 110, 116] ,signature: [0, 0, 0, 1, 0, 0, 0, 0, 0, 0, 1, 1, 1, 1, 1, 0, 0] ),Support: 1
Class: 16.0 , Rule:(neurons: [65, 22, 28, 17, 14, 48, 113, 77, 79, 68, 20, 4, 62, 52, 9, 102] ,signature: [0, 0, 0, 1, 0, 0, 0, 0, 1, 0, 0, 0, 0, 1, 0, 0] ),Support: 1
Class: 16.0 , Rule:(neurons: [65, 22, 28, 17, 14, 48, 113, 77, 79, 68, 20, 5, 1, 85, 83, 3, 26, 114, 49] ,signature: [0, 0, 0, 1, 0, 0, 0, 0, 1, 0, 1, 0, 0, 1, 0, 1, 1, 1, 1] ),Support: 1
Class: 16.0 , Rule:(neurons: [65, 22, 28, 17, 14, 48, 113, 77, 27, 104, 124, 116, 102, 68, 75, 79, 15, 2] ,signature: [0, 0, 0, 1, 0, 0, 0, 1, 1, 1, 0, 1, 0, 0, 1, 1, 1, 1] ),Support: 1
Class: 16.0 , Rule:(neurons: [65, 22, 28, 17, 14, 48, 113, 19, 76, 127, 97, 108, 118, 104, 33, 21, 69] ,signature: [0, 0, 0, 1, 0, 0, 1, 0, 0, 0, 0, 0, 1, 0, 0, 0, 1] ),Support: 1
Class: 16.0 , Rule:(neurons: [65, 22, 28, 17, 14, 48, 113, 19, 76, 127, 97, 108, 118, 104, 109, 43] ,signature: [0, 0, 0, 1, 0, 0, 1, 0, 0, 0, 0, 0, 1, 1, 0, 0] ),Support: 1
Class: 16.0 , Rule:(neurons: [65, 22, 28, 17, 14, 48, 113, 19, 76, 52, 122, 79, 57, 68, 27, 18, 104, 102] ,signature: [0, 0, 0, 1, 0, 0, 1, 0, 1, 0, 0, 0, 0, 0, 1, 1, 1, 1] ),Support: 1
Class: 16.0 , Rule:(neurons: [65, 22, 28, 17, 14, 48, 113, 19, 76, 52, 122, 79, 57, 104, 31, 10, 20, 73] ,signature: [0, 0, 0, 1, 0, 0, 1, 0, 1, 0, 0, 0, 1, 0, 0, 1, 1, 1] ),Support: 1
Class: 16.0 , Rule:(neurons: [65, 22, 28, 17, 14, 48, 113, 19, 76, 52, 122, 79, 57, 104, 124, 47, 82, 89, 78] ,signature: [0, 0, 0, 1, 0, 0, 1, 0, 1, 0, 0, 0, 1, 1, 0, 0, 1, 1, 0] ),Support: 1
Class: 16.0 , Rule:(neurons: [65, 22, 28, 17, 14, 48, 113, 19, 76, 52, 62, 51, 68, 34, 110, 38, 121, 83] ,signature: [0, 0, 0, 1, 0, 0, 1, 0, 1, 1, 0, 0, 1, 1, 1, 0, 1, 0] ),Support: 1
Class: 16.0 , Rule:(neurons: [65, 22, 28, 17, 14, 48, 113, 19, 76, 52, 62, 51, 68, 34, 110, 38] ,signature: [0, 0, 0, 1, 0, 0, 1, 0, 1, 1, 0, 0, 1, 1, 1, 1] ),Support: 1
Class: 16.0 , Rule:(neurons: [65, 22, 28, 17, 14, 48, 113, 19, 76, 52, 62, 51, 38, 82, 45, 43, 40, 8, 105, 77] ,signature: [0, 0, 0, 1, 0, 0, 1, 0, 1, 1, 0, 1, 0, 1, 0, 1, 0, 0, 0, 0] ),Support: 1
Class: 16.0 , Rule:(neurons: [65, 22, 28, 17, 14, 48, 113, 19, 76, 52, 62, 27, 118, 86, 38, 5, 96] ,signature: [0, 0, 0, 1, 0, 0, 1, 0, 1, 1, 1, 0, 1, 0, 0, 1, 1] ),Support: 1
Class: 16.0 , Rule:(neurons: [65, 22, 28, 17, 14, 48, 113, 19, 76, 52, 62, 27, 118, 86, 38] ,signature: [0, 0, 0, 1, 0, 0, 1, 0, 1, 1, 1, 0, 1, 0, 1] ),Support: 1
Class: 16.0 , Rule:(neurons: [65, 22, 28, 17, 14, 48, 113, 19, 105, 62, 44, 66, 116, 47, 119] ,signature: [0, 0, 0, 1, 0, 0, 1, 1, 0, 0, 0, 0, 1, 1, 0] ),Support: 1
Class: 16.0 , Rule:(neurons: [65, 22, 28, 17, 14, 48, 113, 19, 105, 62, 44, 66, 116, 47, 119, 2] ,signature: [0, 0, 0, 1, 0, 0, 1, 1, 0, 0, 0, 0, 1, 1, 1, 0] ),Support: 1
Class: 16.0 , Rule:(neurons: [65, 22, 28, 17, 14, 48, 113, 19, 105, 62, 44, 66, 116, 47, 119, 2, 27, 49, 4] ,signature: [0, 0, 0, 1, 0, 0, 1, 1, 0, 0, 0, 0, 1, 1, 1, 1, 0, 1, 1] ),Support: 1
Class: 16.0 , Rule:(neurons: [65, 22, 28, 17, 14, 48, 113, 19, 105, 62, 44, 66, 91, 80, 79, 5, 8] ,signature: [0, 0, 0, 1, 0, 0, 1, 1, 0, 0, 0, 1, 0, 0, 0, 0, 0] ),Support: 1
Class: 16.0 , Rule:(neurons: [65, 22, 28, 17, 14, 48, 113, 19, 105, 62, 44, 66, 91, 80, 42, 110, 75] ,signature: [0, 0, 0, 1, 0, 0, 1, 1, 0, 0, 0, 1, 0, 1, 1, 0, 0] ),Support: 1
Class: 16.0 , Rule:(neurons: [65, 22, 28, 17, 14, 48, 113, 19, 105, 62, 44, 66, 91, 80, 42, 110, 75, 119, 38, 2, 35, 7, 47, 5] ,signature: [0, 0, 0, 1, 0, 0, 1, 1, 0, 0, 0, 1, 0, 1, 1, 0, 1, 1, 0, 1, 0, 0, 0, 0] ),Support: 1
Class: 16.0 , Rule:(neurons: [65, 22, 28, 17, 14, 48, 113, 19, 105, 62, 44, 66, 91, 80, 42, 110, 75, 119, 38, 2, 35, 94, 84, 61, 99] ,signature: [0, 0, 0, 1, 0, 0, 1, 1, 0, 0, 0, 1, 0, 1, 1, 0, 1, 1, 0, 1, 1, 0, 0, 0, 1] ),Support: 1
Class: 16.0 , Rule:(neurons: [65, 22, 28, 17, 14, 48, 113, 19, 105, 61, 62, 49, 52, 34, 39, 27, 84, 33] ,signature: [0, 0, 0, 1, 0, 0, 1, 1, 1, 0, 0, 0, 0, 0, 1, 0, 0, 0] ),Support: 1
Class: 16.0 , Rule:(neurons: [65, 22, 28, 17, 14, 48, 113, 19, 105, 61, 62, 49, 52, 34, 33, 31, 91, 69] ,signature: [0, 0, 0, 1, 0, 0, 1, 1, 1, 0, 0, 0, 0, 1, 0, 0, 0, 0] ),Support: 1
Class: 16.0 , Rule:(neurons: [65, 22, 28, 17, 14, 48, 113, 19, 105, 61, 62, 49, 52, 34, 33, 31, 73] ,signature: [0, 0, 0, 1, 0, 0, 1, 1, 1, 0, 0, 0, 0, 1, 0, 1, 1] ),Support: 1
Class: 16.0 , Rule:(neurons: [65, 22, 28, 17, 14, 48, 113, 19, 105, 61, 62, 49, 52, 34, 33, 4, 63] ,signature: [0, 0, 0, 1, 0, 0, 1, 1, 1, 0, 0, 0, 0, 1, 1, 0, 0] ),Support: 1
Class: 16.0 , Rule:(neurons: [65, 22, 28, 17, 14, 48, 113, 19, 105, 61, 62, 49, 29, 54, 34, 13, 8, 68, 9, 57, 55, 119] ,signature: [0, 0, 0, 1, 0, 0, 1, 1, 1, 0, 0, 1, 0, 1, 1, 0, 1, 0, 0, 0, 0, 1] ),Support: 1
Class: 16.0 , Rule:(neurons: [65, 22, 28, 17, 14, 48, 113, 19, 105, 61, 62, 49, 29, 54, 34, 13, 8, 68, 9, 57, 93, 64, 89, 78] ,signature: [0, 0, 0, 1, 0, 0, 1, 1, 1, 0, 0, 1, 0, 1, 1, 0, 1, 0, 0, 1, 1, 0, 0, 0] ),Support: 1
Class: 16.0 , Rule:(neurons: [65, 22, 28, 17, 14, 48, 113, 19, 105, 61, 62, 49, 29, 54, 34, 13, 8, 68, 76, 98, 10, 33, 110] ,signature: [0, 0, 0, 1, 0, 0, 1, 1, 1, 0, 0, 1, 0, 1, 1, 0, 1, 1, 1, 0, 0, 0, 0] ),Support: 1
Class: 16.0 , Rule:(neurons: [65, 22, 28, 17, 14, 48, 113, 19, 105, 61, 62, 49, 29, 54, 34, 13, 8, 68, 76, 98, 0] ,signature: [0, 0, 0, 1, 0, 0, 1, 1, 1, 0, 0, 1, 0, 1, 1, 0, 1, 1, 1, 1, 1] ),Support: 1
Class: 16.0 , Rule:(neurons: [65, 22, 28, 17, 14, 48, 113, 19, 105, 61, 62, 49, 29, 51, 89, 15, 33, 68, 122, 98] ,signature: [0, 0, 0, 1, 0, 0, 1, 1, 1, 0, 0, 1, 1, 0, 0, 1, 0, 1, 0, 1] ),Support: 1
Class: 16.0 , Rule:(neurons: [65, 22, 28, 17, 14, 48, 113, 19, 105, 61, 62, 11, 91, 104, 119, 20, 2, 51] ,signature: [0, 0, 0, 1, 0, 0, 1, 1, 1, 0, 1, 0, 0, 0, 1, 0, 1, 1] ),Support: 1
Class: 16.0 , Rule:(neurons: [65, 22, 28, 17, 14, 48, 113, 19, 105, 61, 26, 4, 83, 37, 44, 54] ,signature: [0, 0, 0, 1, 0, 0, 1, 1, 1, 1, 1, 0, 0, 1, 1, 1] ),Support: 1
Class: 16.0 , Rule:(neurons: [65, 22, 28, 17, 14, 48, 113, 19, 105, 61, 26, 4, 83, 96, 123, 47, 102] ,signature: [0, 0, 0, 1, 0, 0, 1, 1, 1, 1, 1, 0, 1, 1, 1, 0, 1] ),Support: 1
Class: 16.0 , Rule:(neurons: [65, 22, 28, 17, 14, 48, 113, 19, 105, 61, 26, 4, 45, 69, 52, 36, 121] ,signature: [0, 0, 0, 1, 0, 0, 1, 1, 1, 1, 1, 1, 1, 1, 0, 1, 1] ),Support: 1
Class: 16.0 , Rule:(neurons: [65, 22, 28, 17, 14, 48, 45, 113, 62, 79, 0, 100, 36, 81] ,signature: [0, 0, 0, 1, 0, 1, 0, 1, 0, 1, 1, 0, 1, 0] ),Support: 1
Class: 16.0 , Rule:(neurons: [65, 22, 28, 17, 14, 48, 45, 113, 62, 79, 0, 100, 110, 93, 106, 91, 101, 61] ,signature: [0, 0, 0, 1, 0, 1, 0, 1, 0, 1, 1, 1, 0, 1, 1, 0, 1, 0] ),Support: 1
Class: 16.0 , Rule:(neurons: [65, 22, 28, 17, 14, 48, 45, 113, 62, 79, 0, 100, 110, 93, 106, 91] ,signature: [0, 0, 0, 1, 0, 1, 0, 1, 0, 1, 1, 1, 0, 1, 1, 1] ),Support: 1
Class: 16.0 , Rule:(neurons: [65, 22, 28, 17, 14, 48, 45, 4, 61, 84, 127, 16, 121, 92, 88, 13] ,signature: [0, 0, 0, 1, 0, 1, 1, 0, 0, 0, 0, 1, 0, 0, 0, 1] ),Support: 1
Class: 16.0 , Rule:(neurons: [65, 22, 28, 17, 14, 48, 45, 4, 61, 84, 69, 92, 118, 44, 93, 29] ,signature: [0, 0, 0, 1, 0, 1, 1, 0, 0, 1, 0, 1, 1, 0, 1, 1] ),Support: 1
Class: 16.0 , Rule:(neurons: [65, 22, 28, 17, 14, 48, 45, 4, 61, 89, 2, 34, 9] ,signature: [0, 0, 0, 1, 0, 1, 1, 0, 1, 0, 0, 0, 0] ),Support: 1
Class: 16.0 , Rule:(neurons: [65, 22, 28, 17, 14, 48, 45, 4, 61, 89, 2, 7, 121, 27, 42] ,signature: [0, 0, 0, 1, 0, 1, 1, 0, 1, 0, 1, 1, 0, 0, 0] ),Support: 1
Class: 16.0 , Rule:(neurons: [65, 22, 28, 17, 14, 48, 45, 4, 61, 89, 46, 36, 124, 5, 38, 105] ,signature: [0, 0, 0, 1, 0, 1, 1, 0, 1, 1, 0, 0, 0, 0, 1, 1] ),Support: 1
Class: 16.0 , Rule:(neurons: [65, 22, 28, 17, 14, 48, 45, 4, 94, 9, 44, 27, 55, 21, 127, 1, 96, 39] ,signature: [0, 0, 0, 1, 0, 1, 1, 1, 0, 0, 0, 0, 1, 0, 1, 0, 1, 0] ),Support: 1
Class: 16.0 , Rule:(neurons: [65, 22, 28, 17, 14, 48, 45, 4, 94, 9, 44, 110, 57, 63, 49, 2, 66, 115, 73, 105, 10] ,signature: [0, 0, 0, 1, 0, 1, 1, 1, 0, 0, 1, 0, 1, 1, 0, 1, 1, 0, 0, 1, 1] ),Support: 1
Class: 16.0 , Rule:(neurons: [65, 22, 28, 17, 14, 48, 45, 4, 94, 9, 44, 110, 5, 68, 15, 92] ,signature: [0, 0, 0, 1, 0, 1, 1, 1, 0, 0, 1, 1, 0, 1, 1, 0] ),Support: 1
Class: 16.0 , Rule:(neurons: [65, 22, 28, 17, 14, 48, 45, 4, 94, 9, 36, 61, 10, 106, 76] ,signature: [0, 0, 0, 1, 0, 1, 1, 1, 0, 1, 0, 1, 1, 0, 0] ),Support: 1
Class: 16.0 , Rule:(neurons: [65, 22, 28, 17, 14, 29, 43, 62, 51, 3, 102] ,signature: [0, 0, 0, 1, 1, 0, 1, 0, 0, 1, 1] ),Support: 1
Class: 16.0 , Rule:(neurons: [65, 22, 28, 17, 14, 29, 10, 106, 5, 64, 93, 85, 68, 71, 37, 48, 91, 118, 46, 110, 2] ,signature: [0, 0, 0, 1, 1, 1, 0, 0, 0, 1, 1, 1, 0, 1, 1, 0, 0, 0, 1, 0, 1] ),Support: 1
Class: 16.0 , Rule:(neurons: [65, 22, 28, 17, 14, 29, 10, 84, 76, 62, 45, 127, 110] ,signature: [0, 0, 0, 1, 1, 1, 1, 0, 1, 0, 1, 1, 0] ),Support: 1
Class: 16.0 , Rule:(neurons: [65, 22, 28, 17, 14, 29, 10, 84, 98, 77, 0, 45] ,signature: [0, 0, 0, 1, 1, 1, 1, 1, 1, 0, 0, 0] ),Support: 1
Class: 16.0 , Rule:(neurons: [65, 22, 28, 19, 68, 116, 45, 77, 39, 34, 101, 127] ,signature: [0, 0, 1, 0, 0, 0, 0, 0, 0, 1, 0, 0] ),Support: 1
Class: 16.0 , Rule:(neurons: [65, 22, 28, 19, 68, 116, 45, 77, 51, 16, 66, 43, 106] ,signature: [0, 0, 1, 0, 0, 0, 0, 1, 1, 1, 0, 0, 0] ),Support: 1
Class: 16.0 , Rule:(neurons: [65, 22, 28, 19, 68, 116, 8, 96, 14, 39, 63, 122, 74, 20, 91] ,signature: [0, 0, 1, 0, 0, 1, 0, 1, 1, 1, 1, 0, 1, 1, 1] ),Support: 1
Class: 16.0 , Rule:(neurons: [65, 22, 28, 19, 68, 116, 8, 104, 43, 34, 66, 38, 105, 64, 52] ,signature: [0, 0, 1, 0, 0, 1, 1, 0, 1, 1, 0, 0, 0, 1, 1] ),Support: 1
Class: 16.0 , Rule:(neurons: [65, 22, 28, 19, 68, 116, 8, 104, 43, 34, 66, 38, 105, 17, 10, 11, 101, 15] ,signature: [0, 0, 1, 0, 0, 1, 1, 0, 1, 1, 0, 0, 1, 1, 1, 1, 1, 0] ),Support: 1
Class: 16.0 , Rule:(neurons: [65, 22, 28, 19, 68, 116, 8, 104, 79, 24, 54, 122, 102, 119, 48, 121, 46, 99] ,signature: [0, 0, 1, 0, 0, 1, 1, 1, 0, 1, 1, 0, 0, 1, 0, 0, 1, 1] ),Support: 1
Class: 16.0 , Rule:(neurons: [65, 22, 28, 19, 68, 116, 8, 104, 79, 115, 27, 15, 94] ,signature: [0, 0, 1, 0, 0, 1, 1, 1, 1, 0, 1, 0, 1] ),Support: 1
Class: 16.0 , Rule:(neurons: [65, 22, 28, 19, 68, 116, 8, 104, 79, 115, 77, 119, 122] ,signature: [0, 0, 1, 0, 0, 1, 1, 1, 1, 1, 0, 1, 1] ),Support: 1
Class: 16.0 , Rule:(neurons: [65, 22, 28, 19, 68, 29, 66, 110, 43, 11, 38, 113, 49, 52, 62] ,signature: [0, 0, 1, 0, 1, 0, 0, 1, 1, 0, 0, 1, 0, 0, 0] ),Support: 1
Class: 16.0 , Rule:(neurons: [65, 22, 28, 19, 68, 29, 66, 110, 43, 11, 38, 113, 49, 52, 55, 33, 44] ,signature: [0, 0, 1, 0, 1, 0, 0, 1, 1, 0, 0, 1, 0, 1, 1, 0, 0] ),Support: 1
Class: 16.0 , Rule:(neurons: [65, 22, 28, 19, 68, 29, 66, 110, 43, 11, 119, 63, 49, 47, 31] ,signature: [0, 0, 1, 0, 1, 0, 0, 1, 1, 1, 1, 1, 0, 0, 0] ),Support: 1
Class: 16.0 , Rule:(neurons: [65, 22, 28, 19, 68, 29, 66, 91, 52, 104, 21, 124] ,signature: [0, 0, 1, 0, 1, 0, 1, 1, 0, 0, 0, 0] ),Support: 1
Class: 16.0 , Rule:(neurons: [65, 22, 28, 19, 62, 17, 34, 54, 45, 20, 36] ,signature: [0, 0, 1, 1, 0, 0, 1, 1, 1, 1, 1] ),Support: 1
Class: 16.0 , Rule:(neurons: [65, 22, 28, 19, 62, 17, 66, 79, 104, 99, 52, 123, 127, 35, 76, 21, 57, 43, 49, 91, 115] ,signature: [0, 0, 1, 1, 0, 1, 0, 0, 0, 1, 0, 1, 1, 1, 1, 1, 0, 1, 1, 0, 1] ),Support: 1
Class: 16.0 , Rule:(neurons: [65, 22, 28, 19, 62, 17, 66, 79, 104, 124, 68, 102] ,signature: [0, 0, 1, 1, 0, 1, 0, 0, 1, 0, 0, 1] ),Support: 1
Class: 16.0 , Rule:(neurons: [65, 22, 28, 19, 62, 17, 66, 80, 73, 77, 64, 104] ,signature: [0, 0, 1, 1, 0, 1, 1, 0, 0, 0, 0, 0] ),Support: 1
Class: 16.0 , Rule:(neurons: [65, 22, 28, 19, 62, 17, 66, 80, 73, 77, 64, 26, 4, 0, 76] ,signature: [0, 0, 1, 1, 0, 1, 1, 0, 0, 0, 1, 1, 0, 1, 0] ),Support: 1
Class: 16.0 , Rule:(neurons: [65, 22, 28, 19, 62, 17, 66, 80, 73, 77, 27, 83] ,signature: [0, 0, 1, 1, 0, 1, 1, 0, 0, 1, 1, 1] ),Support: 1
Class: 16.0 , Rule:(neurons: [65, 22, 28, 19, 62, 17, 66, 80, 38, 51, 2, 77, 52, 43, 63, 14, 113, 101, 26, 44] ,signature: [0, 0, 1, 1, 0, 1, 1, 1, 0, 0, 1, 0, 0, 1, 1, 0, 0, 0, 0, 1] ),Support: 1
Class: 16.0 , Rule:(neurons: [65, 22, 28, 19, 62, 17, 66, 80, 38, 51, 2, 77, 52, 43, 63, 14, 113, 73, 11, 21, 46, 110, 39, 3] ,signature: [0, 0, 1, 1, 0, 1, 1, 1, 0, 0, 1, 0, 0, 1, 1, 0, 1, 0, 0, 0, 0, 1, 0, 0] ),Support: 1
Class: 16.0 , Rule:(neurons: [65, 22, 28, 19, 62, 17, 66, 80, 38, 51, 2, 77, 52, 43, 63, 14, 113, 73, 11, 21, 46, 34, 29] ,signature: [0, 0, 1, 1, 0, 1, 1, 1, 0, 0, 1, 0, 0, 1, 1, 0, 1, 0, 0, 0, 1, 0, 1] ),Support: 1
Class: 16.0 , Rule:(neurons: [65, 22, 28, 19, 62, 17, 66, 80, 38, 51, 2, 77, 52, 43, 63, 14, 113, 73, 11, 21, 46, 34] ,signature: [0, 0, 1, 1, 0, 1, 1, 1, 0, 0, 1, 0, 0, 1, 1, 0, 1, 0, 0, 0, 1, 1] ),Support: 1
Class: 16.0 , Rule:(neurons: [65, 22, 28, 19, 62, 17, 66, 80, 38, 51, 2, 77, 52, 43, 63, 14, 113, 73, 21, 8] ,signature: [0, 0, 1, 1, 0, 1, 1, 1, 0, 0, 1, 0, 0, 1, 1, 0, 1, 1, 1, 1] ),Support: 1
Class: 16.0 , Rule:(neurons: [65, 22, 28, 19, 62, 17, 66, 80, 38, 51, 2, 77, 52, 43, 63, 14, 5] ,signature: [0, 0, 1, 1, 0, 1, 1, 1, 0, 0, 1, 0, 0, 1, 1, 1, 1] ),Support: 1
Class: 16.0 , Rule:(neurons: [65, 22, 28, 19, 62, 17, 66, 80, 38, 51, 2, 77, 52, 0, 104] ,signature: [0, 0, 1, 1, 0, 1, 1, 1, 0, 0, 1, 0, 1, 0, 0] ),Support: 1
Class: 16.0 , Rule:(neurons: [65, 22, 28, 19, 62, 104, 99, 11, 110, 27, 124, 1] ,signature: [0, 0, 1, 1, 1, 0, 0, 0, 1, 0, 1, 1] ),Support: 1
Class: 16.0 , Rule:(neurons: [65, 22, 28, 19, 62, 104, 99, 119, 11, 121, 92, 17, 123, 114] ,signature: [0, 0, 1, 1, 1, 0, 1, 1, 1, 0, 0, 1, 0, 0] ),Support: 1
Class: 16.0 , Rule:(neurons: [65, 22, 28, 19, 62, 104, 118, 99, 79, 49, 66, 68] ,signature: [0, 0, 1, 1, 1, 1, 0, 1, 0, 1, 0, 1] ),Support: 1
Class: 16.0 , Rule:(neurons: [65, 22, 28, 19, 62, 104, 118, 79, 61, 55, 81, 13, 74, 127] ,signature: [0, 0, 1, 1, 1, 1, 1, 0, 0, 1, 1, 1, 1, 1] ),Support: 1
Class: 16.0 , Rule:(neurons: [65, 22, 28, 19, 62, 104, 118, 79, 25, 127, 115, 89] ,signature: [0, 0, 1, 1, 1, 1, 1, 1, 1, 0, 0, 0] ),Support: 1
Class: 16.0 , Rule:(neurons: [65, 22, 61, 26, 94, 1, 118, 108, 91, 123, 52, 4, 15, 34, 43] ,signature: [0, 1, 0, 1, 1, 0, 0, 0, 0, 1, 1, 0, 1, 0, 0] ),Support: 1
Class: 16.0 , Rule:(neurons: [65, 22, 61, 26, 94, 1, 118, 57, 45, 99, 91, 33, 121] ,signature: [0, 1, 0, 1, 1, 0, 1, 0, 0, 1, 0, 0, 0] ),Support: 1
Class: 16.0 , Rule:(neurons: [65, 22, 61, 26, 94, 1, 118, 57, 74, 8, 93, 113, 20, 40, 79, 84, 38] ,signature: [0, 1, 0, 1, 1, 0, 1, 1, 1, 1, 1, 1, 1, 0, 0, 1, 0] ),Support: 1
Class: 16.0 , Rule:(neurons: [65, 22, 61, 26, 94, 1, 118, 57, 109, 27] ,signature: [0, 1, 0, 1, 1, 1, 0, 0, 1, 1] ),Support: 1
Class: 16.0 , Rule:(neurons: [65, 22, 61, 92, 10, 47, 44, 104, 127] ,signature: [0, 1, 1, 0, 1, 0, 1, 1, 1] ),Support: 1
Class: 16.0 , Rule:(neurons: [65, 22, 61, 92, 47, 64, 84, 15, 57, 96, 5, 44, 89, 19] ,signature: [0, 1, 1, 1, 0, 1, 0, 1, 1, 1, 0, 0, 0, 0] ),Support: 1
Class: 16.0 , Rule:(neurons: [65, 22, 61, 92, 47, 64, 84, 15, 57, 96, 5, 44, 89, 118, 38, 54, 62, 17, 94, 9] ,signature: [0, 1, 1, 1, 0, 1, 0, 1, 1, 1, 0, 0, 1, 0, 1, 0, 1, 0, 0, 1] ),Support: 1
Class: 16.0 , Rule:(neurons: [65, 22, 61, 92, 47, 64, 84, 15, 57, 96, 5, 44, 89, 118, 38, 54, 62, 17, 11, 63, 124] ,signature: [0, 1, 1, 1, 0, 1, 0, 1, 1, 1, 0, 0, 1, 0, 1, 0, 1, 1, 1, 1, 0] ),Support: 1
Class: 16.0 , Rule:(neurons: [65, 22, 61, 92, 47, 64, 84, 15, 57, 96, 5, 44, 89, 118, 38, 54, 67, 101, 76, 94, 17, 40, 2, 25, 69, 19] ,signature: [0, 1, 1, 1, 0, 1, 0, 1, 1, 1, 0, 0, 1, 0, 1, 1, 0, 1, 1, 1, 0, 1, 1, 0, 1, 1] ),Support: 1
Class: 16.0 , Rule:(neurons: [65, 22, 61, 92, 47, 64, 84, 19, 45, 93, 110, 98, 54] ,signature: [0, 1, 1, 1, 0, 1, 1, 1, 0, 1, 1, 1, 1] ),Support: 1
Class: 16.0 , Rule:(neurons: [65, 22, 61, 92, 47, 64, 84, 19, 45, 68, 42, 29, 127] ,signature: [0, 1, 1, 1, 0, 1, 1, 1, 1, 0, 1, 1, 1] ),Support: 1
Class: 16.0 , Rule:(neurons: [65, 22, 61, 92, 47, 64, 84, 19, 45, 68, 126, 52] ,signature: [0, 1, 1, 1, 0, 1, 1, 1, 1, 1, 1, 0] ),Support: 1
Class: 16.0 , Rule:(neurons: [65, 22, 61, 92, 47, 108, 8, 39, 11, 28, 25, 68, 110] ,signature: [0, 1, 1, 1, 1, 1, 1, 1, 1, 1, 0, 1, 0] ),Support: 1
Class: 16.0 , Rule:(neurons: [65, 91, 62, 4, 106, 19, 20, 97, 75, 51, 92, 28, 9] ,signature: [1, 0, 0, 0, 0, 0, 1, 0, 1, 0, 1, 1, 1] ),Support: 1
Class: 16.0 , Rule:(neurons: [65, 91, 62, 4, 106, 19, 0, 85, 79, 73, 113, 9, 88] ,signature: [1, 0, 0, 0, 0, 1, 1, 1, 1, 0, 0, 0, 1] ),Support: 1
Class: 16.0 , Rule:(neurons: [65, 91, 62, 4, 106, 1, 49, 79, 55, 9, 42, 96, 51, 10, 76, 75] ,signature: [1, 0, 0, 0, 1, 0, 0, 0, 0, 0, 0, 1, 0, 1, 1, 1] ),Support: 1
Class: 16.0 , Rule:(neurons: [65, 91, 62, 4, 106, 1, 49, 79, 52, 77, 85, 104, 28, 2, 116] ,signature: [1, 0, 0, 0, 1, 0, 0, 1, 0, 0, 0, 1, 0, 1, 0] ),Support: 1
Class: 16.0 , Rule:(neurons: [65, 91, 62, 4, 106, 1, 49, 79, 52, 66, 5, 57, 27, 3, 61, 55, 28] ,signature: [1, 0, 0, 0, 1, 0, 0, 1, 1, 1, 1, 0, 0, 0, 1, 0, 1] ),Support: 1
Class: 16.0 , Rule:(neurons: [65, 91, 62, 4, 25, 29, 36, 1, 104, 99, 26, 94] ,signature: [1, 0, 0, 1, 0, 0, 0, 1, 1, 1, 0, 0] ),Support: 1
Class: 16.0 , Rule:(neurons: [65, 91, 62, 4, 25, 97, 71, 48, 21, 44, 49, 115, 2, 64] ,signature: [1, 0, 0, 1, 1, 0, 1, 1, 0, 1, 0, 0, 1, 1] ),Support: 1
Class: 16.0 , Rule:(neurons: [65, 91, 62, 4, 25, 97, 71, 48, 21, 44, 49, 115, 38, 9, 59, 2, 106, 105, 5] ,signature: [1, 0, 0, 1, 1, 0, 1, 1, 0, 1, 0, 1, 1, 0, 0, 1, 1, 0, 0] ),Support: 1
Class: 16.0 , Rule:(neurons: [65, 91, 62, 4, 25, 97, 71, 48, 21, 44, 49, 82, 121, 106, 11] ,signature: [1, 0, 0, 1, 1, 0, 1, 1, 0, 1, 1, 1, 1, 0, 0] ),Support: 1
Class: 16.0 , Rule:(neurons: [65, 91, 62, 25, 1, 94, 63, 45, 78, 108, 32, 68, 33] ,signature: [1, 0, 1, 0, 0, 0, 1, 0, 1, 0, 0, 0, 1] ),Support: 1
Class: 16.0 , Rule:(neurons: [65, 91, 62, 25, 1, 94, 63, 45, 2, 32, 13, 47, 20, 83, 52, 27, 9, 108] ,signature: [1, 0, 1, 0, 0, 0, 1, 1, 1, 1, 0, 1, 1, 0, 0, 0, 0, 0] ),Support: 1
Class: 16.0 , Rule:(neurons: [65, 91, 62, 25, 19, 79, 21, 4, 66, 116, 35, 81] ,signature: [1, 0, 1, 1, 0, 1, 0, 1, 0, 1, 0, 0] ),Support: 1
Class: 16.0 , Rule:(neurons: [65, 91, 62, 25, 19, 73, 7, 4, 82, 84, 116, 114] ,signature: [1, 0, 1, 1, 1, 0, 0, 1, 1, 0, 1, 0] ),Support: 1
Class: 16.0 , Rule:(neurons: [65, 91, 62, 25, 19, 73, 7, 1, 24, 22, 34, 35] ,signature: [1, 0, 1, 1, 1, 0, 1, 1, 1, 0, 0, 0] ),Support: 1
Class: 6.0 , Rule:(neurons: [65, 22, 28, 19, 62, 17, 66, 80, 38, 51, 2, 77, 52, 43, 63, 14, 113, 73, 11, 92] ,signature: [0, 0, 1, 1, 0, 1, 1, 1, 0, 0, 1, 0, 0, 1, 1, 0, 1, 0, 1, 0] ),Support: 2359
Class: 6.0 , Rule:(neurons: [65, 22, 28, 19, 62, 17, 66, 80, 38, 51, 2, 77, 52, 43, 63, 14, 113, 73, 11, 21, 46, 110] ,signature: [0, 0, 1, 1, 0, 1, 1, 1, 0, 0, 1, 0, 0, 1, 1, 0, 1, 0, 0, 0, 0, 0] ),Support: 415
Class: 6.0 , Rule:(neurons: [65, 22, 28, 17, 14, 48, 113, 19, 105, 62, 44, 66, 91, 80, 42, 110, 75, 119, 38, 2, 35, 94, 84, 81, 118] ,signature: [0, 0, 0, 1, 0, 0, 1, 1, 0, 0, 0, 1, 0, 1, 1, 0, 1, 1, 0, 1, 1, 0, 1, 1, 0] ),Support: 413
Class: 6.0 , Rule:(neurons: [65, 22, 28, 17, 14, 48, 45, 113, 62, 79, 0, 100, 110, 93, 106, 94, 52, 31] ,signature: [0, 0, 0, 1, 0, 1, 0, 1, 0, 1, 1, 1, 0, 1, 0, 0, 0, 1] ),Support: 388
Class: 6.0 , Rule:(neurons: [65, 91, 62, 4, 106, 19, 0, 85, 79, 73, 113] ,signature: [1, 0, 0, 0, 0, 1, 1, 1, 1, 0, 1] ),Support: 388
Class: 6.0 , Rule:(neurons: [65, 22, 28, 19, 62, 17, 66, 80, 38, 51, 2, 77, 52, 43, 63, 14, 113, 73, 11, 92, 96] ,signature: [0, 0, 1, 1, 0, 1, 1, 1, 0, 0, 1, 0, 0, 1, 1, 0, 1, 0, 1, 1, 1] ),Support: 262
Class: 6.0 , Rule:(neurons: [65, 22, 28, 19, 62, 17, 66, 80, 38, 51, 2, 77, 52, 0, 82, 11, 73, 32, 76, 109] ,signature: [0, 0, 1, 1, 0, 1, 1, 1, 0, 0, 1, 0, 1, 1, 1, 1, 0, 1, 1, 1] ),Support: 88
Class: 6.0 , Rule:(neurons: [65, 22, 28, 17, 14, 48, 113, 19, 105, 61, 26, 4, 83, 37, 44, 18] ,signature: [0, 0, 0, 1, 0, 0, 1, 1, 1, 1, 1, 0, 0, 1, 0, 1] ),Support: 81
Class: 6.0 , Rule:(neurons: [65, 22, 28, 19, 62, 17, 66, 79, 110, 47, 2, 106] ,signature: [0, 0, 1, 1, 0, 1, 0, 1, 0, 1, 1, 0] ),Support: 81
Class: 6.0 , Rule:(neurons: [65, 22, 28, 17, 14, 48, 113, 19, 105, 62, 44, 66, 91, 80, 42, 110, 75, 119, 38, 2, 35, 94, 84, 81, 11] ,signature: [0, 0, 0, 1, 0, 0, 1, 1, 0, 0, 0, 1, 0, 1, 1, 0, 1, 1, 0, 1, 1, 0, 1, 0, 1] ),Support: 72
Class: 6.0 , Rule:(neurons: [65, 22, 28, 19, 62, 104, 99, 119, 11, 121, 44, 17] ,signature: [0, 0, 1, 1, 1, 0, 1, 1, 1, 1, 0, 1] ),Support: 54
Class: 6.0 , Rule:(neurons: [65, 22, 28, 17, 14, 48, 45, 4, 61, 89, 2, 7] ,signature: [0, 0, 0, 1, 0, 1, 1, 0, 1, 0, 1, 0] ),Support: 40
Class: 6.0 , Rule:(neurons: [65, 22, 28, 17, 14, 48, 113, 19, 105, 62, 44, 66, 91, 80, 42, 110, 75, 119, 38, 2, 35, 94, 84, 81, 118, 15] ,signature: [0, 0, 0, 1, 0, 0, 1, 1, 0, 0, 0, 1, 0, 1, 1, 0, 1, 1, 0, 1, 1, 0, 1, 1, 1, 0] ),Support: 37
Class: 6.0 , Rule:(neurons: [65, 22, 28, 19, 62, 17, 66, 80, 38, 51, 2, 77, 52, 43, 63, 26, 92] ,signature: [0, 0, 1, 1, 0, 1, 1, 1, 0, 0, 1, 0, 0, 1, 0, 1, 0] ),Support: 35
Class: 6.0 , Rule:(neurons: [65, 22, 28, 19, 62, 17, 66, 80, 38, 51, 2, 77, 52, 43, 63, 14, 113, 101, 26] ,signature: [0, 0, 1, 1, 0, 1, 1, 1, 0, 0, 1, 0, 0, 1, 1, 0, 0, 0, 1] ),Support: 33
Class: 6.0 , Rule:(neurons: [65, 22, 28, 19, 62, 17, 66, 80, 38, 51, 2, 77, 52, 43, 110, 4, 82] ,signature: [0, 0, 1, 1, 0, 1, 1, 1, 0, 0, 1, 0, 0, 0, 0, 0, 1] ),Support: 30
Class: 6.0 , Rule:(neurons: [65, 22, 28, 17, 14, 48, 113, 19, 105, 62, 44, 66, 91, 80, 42, 92, 4, 38, 52] ,signature: [0, 0, 0, 1, 0, 0, 1, 1, 0, 0, 0, 1, 0, 1, 0, 0, 0, 0, 0] ),Support: 29
Class: 6.0 , Rule:(neurons: [65, 22, 28, 17, 14, 48, 113, 19, 105, 62, 44, 66, 91, 80, 42, 110, 88, 102] ,signature: [0, 0, 0, 1, 0, 0, 1, 1, 0, 0, 0, 1, 0, 1, 1, 1, 0, 0] ),Support: 29
Class: 6.0 , Rule:(neurons: [65, 22, 28, 19, 62, 17, 66, 80, 38, 51, 2, 77, 52, 43, 63, 14, 113, 73, 11, 21, 46, 34, 29] ,signature: [0, 0, 1, 1, 0, 1, 1, 1, 0, 0, 1, 0, 0, 1, 1, 0, 1, 0, 0, 0, 1, 0, 0] ),Support: 28
Class: 6.0 , Rule:(neurons: [65, 22, 28, 19, 62, 17, 66, 80, 38, 51, 2, 77, 52, 43, 63, 14, 113, 73, 11, 92, 96, 4] ,signature: [0, 0, 1, 1, 0, 1, 1, 1, 0, 0, 1, 0, 0, 1, 1, 0, 1, 0, 1, 1, 0, 0] ),Support: 24
Class: 6.0 , Rule:(neurons: [65, 22, 28, 19, 62, 17, 66, 80, 38, 106, 42, 31, 39, 34] ,signature: [0, 0, 1, 1, 0, 1, 1, 1, 1, 0, 1, 1, 1, 0] ),Support: 24
Class: 6.0 , Rule:(neurons: [65, 22, 28, 17, 14, 48, 113, 19, 105, 61, 62, 49, 52, 34, 33, 31, 73] ,signature: [0, 0, 0, 1, 0, 0, 1, 1, 1, 0, 0, 0, 0, 1, 0, 1, 0] ),Support: 23
Class: 6.0 , Rule:(neurons: [65, 91, 62, 4, 106, 1, 49, 79, 52, 77, 85, 2] ,signature: [1, 0, 0, 0, 1, 0, 0, 1, 0, 0, 1, 1] ),Support: 22
Class: 6.0 , Rule:(neurons: [65, 22, 28, 17, 14, 48, 113, 19, 105, 62, 44, 66, 91, 80, 42, 110, 75, 119, 38, 2, 35, 7, 51] ,signature: [0, 0, 0, 1, 0, 0, 1, 1, 0, 0, 0, 1, 0, 1, 1, 0, 1, 1, 0, 1, 0, 1, 0] ),Support: 21
Class: 6.0 , Rule:(neurons: [65, 22, 28, 17, 14, 48, 45, 113, 62, 79, 0, 100, 110, 93, 106, 94, 52, 31, 9] ,signature: [0, 0, 0, 1, 0, 1, 0, 1, 0, 1, 1, 1, 0, 1, 0, 0, 0, 0, 1] ),Support: 21
Class: 6.0 , Rule:(neurons: [65, 22, 28, 19, 62, 17, 66, 80, 38, 51, 2, 77, 52, 43, 63, 14, 113, 73, 21] ,signature: [0, 0, 1, 1, 0, 1, 1, 1, 0, 0, 1, 0, 0, 1, 1, 0, 1, 1, 0] ),Support: 21
Class: 6.0 , Rule:(neurons: [65, 22, 28, 17, 14, 29, 43, 62, 51, 3, 102] ,signature: [0, 0, 0, 1, 1, 0, 1, 0, 0, 1, 0] ),Support: 20
Class: 6.0 , Rule:(neurons: [65, 22, 28, 19, 62, 17, 66, 79, 104, 99, 52, 123, 127, 35, 76, 21] ,signature: [0, 0, 1, 1, 0, 1, 0, 0, 0, 1, 0, 1, 1, 1, 1, 0] ),Support: 20
Class: 6.0 , Rule:(neurons: [65, 22, 28, 17, 14, 48, 113, 19, 105, 62, 44, 66, 91, 26, 51] ,signature: [0, 0, 0, 1, 0, 0, 1, 1, 0, 0, 0, 1, 1, 1, 0] ),Support: 18
Class: 6.0 , Rule:(neurons: [65, 22, 28, 17, 14, 48, 45, 113, 62, 79, 0, 100, 110, 93, 106, 91, 101] ,signature: [0, 0, 0, 1, 0, 1, 0, 1, 0, 1, 1, 1, 0, 1, 1, 0, 0] ),Support: 18
Class: 6.0 , Rule:(neurons: [65, 22, 28, 17, 14, 48, 113, 19, 105, 62, 44, 66, 116, 47, 119, 2, 27, 49] ,signature: [0, 0, 0, 1, 0, 0, 1, 1, 0, 0, 0, 0, 1, 1, 1, 1, 0, 0] ),Support: 17
Class: 6.0 , Rule:(neurons: [65, 22, 28, 17, 14, 48, 113, 19, 105, 62, 44, 66, 91, 80, 42, 110, 75, 119, 38, 2, 35, 94, 84, 81, 11, 36] ,signature: [0, 0, 0, 1, 0, 0, 1, 1, 0, 0, 0, 1, 0, 1, 1, 0, 1, 1, 0, 1, 1, 0, 1, 0, 0, 1] ),Support: 17
Class: 6.0 , Rule:(neurons: [65, 22, 28, 19, 68, 116, 8, 104, 79, 115, 77, 119, 122] ,signature: [0, 0, 1, 0, 0, 1, 1, 1, 1, 1, 0, 1, 0] ),Support: 14
Class: 6.0 , Rule:(neurons: [65, 22, 61, 92, 47, 64, 84, 19, 45, 93, 110] ,signature: [0, 1, 1, 1, 0, 1, 1, 1, 0, 1, 0] ),Support: 14
Class: 6.0 , Rule:(neurons: [65, 22, 28, 17, 14, 48, 113, 19, 105, 62, 44, 66, 91, 80, 42, 110, 75, 119, 38, 2, 35, 94, 84, 61] ,signature: [0, 0, 0, 1, 0, 0, 1, 1, 0, 0, 0, 1, 0, 1, 1, 0, 1, 1, 0, 1, 1, 0, 0, 1] ),Support: 13
Class: 6.0 , Rule:(neurons: [65, 22, 28, 17, 14, 48, 45, 113, 62, 79, 0, 100, 110, 109] ,signature: [0, 0, 0, 1, 0, 1, 0, 1, 0, 1, 1, 1, 1, 1] ),Support: 13
Class: 6.0 , Rule:(neurons: [65, 22, 28, 19, 62, 17, 66, 80, 38, 51, 2, 77, 52, 43, 63, 14, 113, 73, 11, 21, 46, 110, 39] ,signature: [0, 0, 1, 1, 0, 1, 1, 1, 0, 0, 1, 0, 0, 1, 1, 0, 1, 0, 0, 0, 0, 1, 1] ),Support: 13
Class: 6.0 , Rule:(neurons: [65, 22, 28, 17, 14, 48, 113, 19, 105, 62, 44, 66, 91, 80, 42, 110, 75, 119, 38, 2, 35, 94, 57] ,signature: [0, 0, 0, 1, 0, 0, 1, 1, 0, 0, 0, 1, 0, 1, 1, 0, 1, 1, 0, 1, 1, 1, 0] ),Support: 12
Class: 6.0 , Rule:(neurons: [65, 22, 28, 19, 62, 17, 34, 40, 94, 96] ,signature: [0, 0, 1, 1, 0, 0, 0, 1, 0, 1] ),Support: 12
Class: 6.0 , Rule:(neurons: [65, 22, 28, 17, 14, 48, 113, 19, 105, 61, 26, 4, 45, 38, 69, 126] ,signature: [0, 0, 0, 1, 0, 0, 1, 1, 1, 1, 1, 1, 0, 0, 0, 1] ),Support: 11
Class: 6.0 , Rule:(neurons: [65, 22, 28, 19, 62, 17, 66, 79, 104, 99, 52, 123, 127, 35, 76, 21, 57, 43, 49] ,signature: [0, 0, 1, 1, 0, 1, 0, 0, 0, 1, 0, 1, 1, 1, 1, 1, 0, 1, 0] ),Support: 11
Class: 6.0 , Rule:(neurons: [65, 22, 28, 19, 62, 17, 66, 80, 38, 51, 2, 77, 52, 43, 63, 14, 5] ,signature: [0, 0, 1, 1, 0, 1, 1, 1, 0, 0, 1, 0, 0, 1, 1, 1, 0] ),Support: 11
Class: 6.0 , Rule:(neurons: [65, 22, 28, 19, 62, 17, 66, 80, 73, 77, 64, 26, 4, 0, 76] ,signature: [0, 0, 1, 1, 0, 1, 1, 0, 0, 0, 1, 1, 0, 1, 1] ),Support: 10
Class: 6.0 , Rule:(neurons: [65, 22, 28, 17, 14, 48, 113, 19, 105, 62, 44, 66, 91, 80, 79, 5, 8] ,signature: [0, 0, 0, 1, 0, 0, 1, 1, 0, 0, 0, 1, 0, 0, 0, 0, 1] ),Support: 9
Class: 6.0 , Rule:(neurons: [65, 22, 28, 17, 14, 48, 113, 19, 105, 61, 26, 36, 91, 40, 39] ,signature: [0, 0, 0, 1, 0, 0, 1, 1, 1, 1, 0, 1, 0, 0, 0] ),Support: 9
Class: 6.0 , Rule:(neurons: [65, 22, 28, 19, 62, 17, 66, 80, 38, 51, 2, 11, 64, 25] ,signature: [0, 0, 1, 1, 0, 1, 1, 1, 0, 0, 0, 1, 0, 1] ),Support: 8
Class: 6.0 , Rule:(neurons: [65, 22, 28, 19, 62, 104, 118, 79, 25, 127, 124] ,signature: [0, 0, 1, 1, 1, 1, 1, 1, 1, 1, 0] ),Support: 8
Class: 6.0 , Rule:(neurons: [65, 91, 62, 4, 106, 1, 16, 85, 82, 97, 21] ,signature: [1, 0, 0, 0, 1, 1, 1, 1, 1, 0, 0] ),Support: 8
Class: 6.0 , Rule:(neurons: [65, 22, 28, 17, 14, 48, 113, 19, 105, 62, 127, 9, 119] ,signature: [0, 0, 0, 1, 0, 0, 1, 1, 0, 1, 1, 1, 1] ),Support: 7
Class: 6.0 , Rule:(neurons: [65, 22, 28, 19, 62, 104, 99, 119, 11, 121, 92, 17, 123, 114] ,signature: [0, 0, 1, 1, 1, 0, 1, 1, 1, 0, 0, 1, 1, 1] ),Support: 7
Class: 6.0 , Rule:(neurons: [65, 91, 62, 4, 25, 97, 71, 48, 21, 44, 47, 66] ,signature: [1, 0, 0, 1, 1, 0, 1, 1, 0, 0, 1, 1] ),Support: 7
Class: 6.0 , Rule:(neurons: [65, 22, 28, 17, 14, 48, 113, 19, 105, 61, 62, 49, 52, 34, 33, 4, 63] ,signature: [0, 0, 0, 1, 0, 0, 1, 1, 1, 0, 0, 0, 0, 1, 1, 0, 1] ),Support: 6
Class: 6.0 , Rule:(neurons: [65, 22, 28, 17, 14, 48, 45, 113, 62, 79, 0, 100, 110, 93, 106, 94, 52, 39] ,signature: [0, 0, 0, 1, 0, 1, 0, 1, 0, 1, 1, 1, 0, 1, 0, 0, 1, 0] ),Support: 6
Class: 6.0 , Rule:(neurons: [65, 22, 28, 17, 14, 48, 45, 113, 62, 79, 0, 100, 110, 93, 106, 94, 84] ,signature: [0, 0, 0, 1, 0, 1, 0, 1, 0, 1, 1, 1, 0, 1, 0, 1, 1] ),Support: 6
Class: 6.0 , Rule:(neurons: [65, 22, 28, 17, 14, 48, 45, 4, 94, 9, 36, 11] ,signature: [0, 0, 0, 1, 0, 1, 1, 1, 0, 1, 1, 1] ),Support: 6
Class: 6.0 , Rule:(neurons: [65, 22, 28, 19, 68, 116, 8, 104, 43, 34, 84] ,signature: [0, 0, 1, 0, 0, 1, 1, 0, 1, 0, 0] ),Support: 6
Class: 6.0 , Rule:(neurons: [65, 22, 28, 19, 62, 17, 66, 80, 38, 51, 2, 77, 64] ,signature: [0, 0, 1, 1, 0, 1, 1, 1, 0, 0, 1, 1, 1] ),Support: 6
Class: 6.0 , Rule:(neurons: [65, 22, 28, 19, 62, 104, 99, 119, 11, 21, 88, 9] ,signature: [0, 0, 1, 1, 1, 0, 1, 1, 0, 0, 0, 1] ),Support: 6
Class: 6.0 , Rule:(neurons: [65, 22, 61, 92, 47, 64, 84, 19, 45, 93, 110, 98] ,signature: [0, 1, 1, 1, 0, 1, 1, 1, 0, 1, 1, 0] ),Support: 6
Class: 6.0 , Rule:(neurons: [65, 91, 62, 4, 106, 1, 49, 79, 52, 77, 85, 2, 28, 75] ,signature: [1, 0, 0, 0, 1, 0, 0, 1, 0, 0, 1, 0, 0, 1] ),Support: 6
Class: 6.0 , Rule:(neurons: [65, 22, 28, 17, 14, 48, 113, 77, 79, 68, 20, 4, 62, 52, 97] ,signature: [0, 0, 0, 1, 0, 0, 0, 0, 1, 0, 0, 0, 0, 0, 0] ),Support: 5
Class: 6.0 , Rule:(neurons: [65, 22, 28, 17, 14, 48, 113, 19, 105, 62, 44, 66, 91, 80, 42, 110, 75, 119, 38, 2, 35, 94, 84, 81, 118, 15, 29] ,signature: [0, 0, 0, 1, 0, 0, 1, 1, 0, 0, 0, 1, 0, 1, 1, 0, 1, 1, 0, 1, 1, 0, 1, 1, 1, 1, 0] ),Support: 5
Class: 6.0 , Rule:(neurons: [65, 22, 28, 17, 14, 48, 113, 19, 105, 62, 44, 66, 91, 80, 42, 110, 88, 102, 96] ,signature: [0, 0, 0, 1, 0, 0, 1, 1, 0, 0, 0, 1, 0, 1, 1, 1, 0, 1, 1] ),Support: 5
Class: 6.0 , Rule:(neurons: [65, 22, 28, 17, 14, 48, 113, 19, 105, 61, 62, 49, 29, 54, 5] ,signature: [0, 0, 0, 1, 0, 0, 1, 1, 1, 0, 0, 1, 0, 0, 0] ),Support: 5
Class: 6.0 , Rule:(neurons: [65, 22, 28, 19, 68, 116, 8, 104, 43, 79, 66] ,signature: [0, 0, 1, 0, 0, 1, 1, 0, 0, 1, 0] ),Support: 5
Class: 6.0 , Rule:(neurons: [65, 22, 28, 19, 62, 17, 66, 79, 110, 123, 109, 18, 89] ,signature: [0, 0, 1, 1, 0, 1, 0, 1, 1, 1, 1, 1, 0] ),Support: 5
Class: 6.0 , Rule:(neurons: [65, 22, 28, 19, 62, 17, 66, 80, 38, 51, 2, 77, 52, 0, 82, 11, 78] ,signature: [0, 0, 1, 1, 0, 1, 1, 1, 0, 0, 1, 0, 1, 1, 1, 0, 0] ),Support: 5
Class: 6.0 , Rule:(neurons: [65, 22, 28, 19, 62, 104, 118, 99, 79, 124] ,signature: [0, 0, 1, 1, 1, 1, 0, 1, 1, 0] ),Support: 5
Class: 6.0 , Rule:(neurons: [65, 22, 28, 17, 14, 48, 113, 19, 105, 62, 44, 66, 91, 26, 78, 101] ,signature: [0, 0, 0, 1, 0, 0, 1, 1, 0, 0, 0, 1, 1, 0, 0, 1] ),Support: 4
Class: 6.0 , Rule:(neurons: [65, 22, 28, 17, 14, 48, 113, 19, 105, 61, 62, 49, 52, 34, 39, 27, 84, 102] ,signature: [0, 0, 0, 1, 0, 0, 1, 1, 1, 0, 0, 0, 0, 0, 1, 0, 1, 0] ),Support: 4
Class: 6.0 , Rule:(neurons: [65, 22, 28, 17, 14, 48, 113, 19, 105, 61, 26, 4, 83, 96, 123, 47, 102] ,signature: [0, 0, 0, 1, 0, 0, 1, 1, 1, 1, 1, 0, 1, 1, 1, 0, 0] ),Support: 4
Class: 6.0 , Rule:(neurons: [65, 22, 28, 17, 14, 48, 45, 4, 61, 89, 2, 7, 121, 77] ,signature: [0, 0, 0, 1, 0, 1, 1, 0, 1, 0, 1, 1, 1, 0] ),Support: 4
Class: 6.0 , Rule:(neurons: [65, 22, 28, 19, 62, 17, 66, 80, 38, 51, 2, 77, 52, 43, 63, 14, 113, 73, 11, 21, 106] ,signature: [0, 0, 1, 1, 0, 1, 1, 1, 0, 0, 1, 0, 0, 1, 1, 0, 1, 0, 0, 1, 0] ),Support: 4
Class: 6.0 , Rule:(neurons: [65, 22, 28, 19, 62, 17, 66, 80, 38, 51, 2, 77, 52, 43, 63, 14, 113, 73, 11, 92, 96, 4, 110] ,signature: [0, 0, 1, 1, 0, 1, 1, 1, 0, 0, 1, 0, 0, 1, 1, 0, 1, 0, 1, 1, 0, 1, 0] ),Support: 4
Class: 6.0 , Rule:(neurons: [65, 22, 28, 19, 62, 17, 66, 80, 38, 51, 2, 77, 52, 0, 82, 11, 73, 32, 76, 109, 54] ,signature: [0, 0, 1, 1, 0, 1, 1, 1, 0, 0, 1, 0, 1, 1, 1, 1, 0, 1, 1, 0, 0] ),Support: 4
Class: 6.0 , Rule:(neurons: [65, 22, 61, 92, 10, 47, 44, 89, 93, 124] ,signature: [0, 1, 1, 0, 1, 0, 0, 0, 1, 0] ),Support: 4
Class: 6.0 , Rule:(neurons: [65, 22, 61, 92, 10, 47, 39, 63, 105] ,signature: [0, 1, 1, 0, 1, 1, 1, 1, 0] ),Support: 4
Class: 6.0 , Rule:(neurons: [65, 91, 62, 4, 106, 19, 0, 85, 9] ,signature: [1, 0, 0, 0, 0, 1, 1, 0, 1] ),Support: 4
Class: 6.0 , Rule:(neurons: [65, 91, 62, 4, 106, 19, 0, 85, 79, 73, 113, 9] ,signature: [1, 0, 0, 0, 0, 1, 1, 1, 1, 0, 0, 1] ),Support: 4
Class: 6.0 , Rule:(neurons: [65, 91, 62, 4, 25, 97, 71, 48, 21, 44, 49, 115, 2, 64] ,signature: [1, 0, 0, 1, 1, 0, 1, 1, 0, 1, 0, 0, 1, 0] ),Support: 4
Class: 6.0 , Rule:(neurons: [65, 22, 28, 17, 96, 62, 45, 29, 43, 34, 109, 13, 9] ,signature: [0, 0, 0, 0, 0, 0, 0, 0, 1, 0, 0, 1, 1] ),Support: 3
Class: 6.0 , Rule:(neurons: [65, 22, 28, 17, 14, 48, 113, 19, 105, 62, 44, 66, 91, 80, 42, 110, 75, 119, 38, 2, 68] ,signature: [0, 0, 0, 1, 0, 0, 1, 1, 0, 0, 0, 1, 0, 1, 1, 0, 1, 1, 0, 0, 0] ),Support: 3
Class: 6.0 , Rule:(neurons: [65, 22, 28, 17, 14, 48, 113, 19, 105, 62, 44, 66, 91, 80, 42, 110, 75, 119, 38, 4] ,signature: [0, 0, 0, 1, 0, 0, 1, 1, 0, 0, 0, 1, 0, 1, 1, 0, 1, 1, 1, 0] ),Support: 3
Class: 6.0 , Rule:(neurons: [65, 22, 28, 17, 14, 48, 113, 19, 105, 62, 44, 13, 42, 96, 38] ,signature: [0, 0, 0, 1, 0, 0, 1, 1, 0, 0, 1, 0, 1, 1, 0] ),Support: 3
Class: 6.0 , Rule:(neurons: [65, 22, 28, 17, 14, 48, 113, 19, 105, 61, 62, 49, 29, 51, 89, 15] ,signature: [0, 0, 0, 1, 0, 0, 1, 1, 1, 0, 0, 1, 1, 0, 0, 0] ),Support: 3
Class: 6.0 , Rule:(neurons: [65, 22, 28, 17, 14, 48, 45, 113, 62, 79, 84, 109, 4] ,signature: [0, 0, 0, 1, 0, 1, 0, 1, 0, 0, 1, 1, 0] ),Support: 3
Class: 6.0 , Rule:(neurons: [65, 22, 28, 17, 14, 48, 45, 4, 61, 89, 2, 34, 9] ,signature: [0, 0, 0, 1, 0, 1, 1, 0, 1, 0, 0, 0, 1] ),Support: 3
Class: 6.0 , Rule:(neurons: [65, 22, 28, 17, 14, 48, 45, 4, 61, 89, 46, 36] ,signature: [0, 0, 0, 1, 0, 1, 1, 0, 1, 1, 0, 1] ),Support: 3
Class: 6.0 , Rule:(neurons: [65, 22, 28, 17, 14, 29, 43, 62, 51, 3, 124, 9, 39] ,signature: [0, 0, 0, 1, 1, 0, 1, 0, 0, 0, 0, 1, 0] ),Support: 3
Class: 6.0 , Rule:(neurons: [65, 22, 28, 17, 14, 29, 43, 62, 51, 3, 124, 68, 99] ,signature: [0, 0, 0, 1, 1, 0, 1, 0, 0, 0, 1, 0, 1] ),Support: 3
Class: 6.0 , Rule:(neurons: [65, 22, 28, 19, 62, 17, 34, 40, 101] ,signature: [0, 0, 1, 1, 0, 0, 0, 0, 1] ),Support: 3
Class: 6.0 , Rule:(neurons: [65, 22, 28, 19, 62, 17, 34, 54, 126, 116, 99] ,signature: [0, 0, 1, 1, 0, 0, 1, 0, 1, 1, 1] ),Support: 3
Class: 6.0 , Rule:(neurons: [65, 22, 28, 19, 62, 17, 66, 79, 104, 124, 115] ,signature: [0, 0, 1, 1, 0, 1, 0, 0, 1, 1, 0] ),Support: 3
Class: 6.0 , Rule:(neurons: [65, 22, 28, 19, 62, 17, 66, 80, 38, 51, 2, 77, 52, 43, 63, 14, 113, 101, 26, 44] ,signature: [0, 0, 1, 1, 0, 1, 1, 1, 0, 0, 1, 0, 0, 1, 1, 0, 0, 0, 0, 0] ),Support: 3
Class: 6.0 , Rule:(neurons: [65, 22, 28, 19, 62, 17, 66, 80, 38, 51, 2, 77, 52, 0, 82, 11, 73, 32, 76, 40] ,signature: [0, 0, 1, 1, 0, 1, 1, 1, 0, 0, 1, 0, 1, 1, 1, 1, 0, 1, 0, 0] ),Support: 3
Class: 6.0 , Rule:(neurons: [65, 22, 61, 92, 47, 108, 99, 121, 62] ,signature: [0, 1, 1, 1, 1, 0, 1, 1, 0] ),Support: 3
Class: 6.0 , Rule:(neurons: [65, 91, 62, 4, 106, 1, 49, 79, 52, 77, 85, 104, 28, 2, 116] ,signature: [1, 0, 0, 0, 1, 0, 0, 1, 0, 0, 0, 1, 0, 1, 1] ),Support: 3
Class: 6.0 , Rule:(neurons: [65, 22, 28, 17, 14, 48, 113, 77, 27, 35, 20, 88, 3, 51] ,signature: [0, 0, 0, 1, 0, 0, 0, 1, 0, 1, 0, 0, 1, 0] ),Support: 2
Class: 6.0 , Rule:(neurons: [65, 22, 28, 17, 14, 48, 113, 19, 76, 127, 97, 108, 118, 4, 114, 42] ,signature: [0, 0, 0, 1, 0, 0, 1, 0, 0, 0, 0, 0, 0, 0, 0, 1] ),Support: 2
Class: 6.0 , Rule:(neurons: [65, 22, 28, 17, 14, 48, 113, 19, 76, 127, 97, 108, 118, 104, 109, 43] ,signature: [0, 0, 0, 1, 0, 0, 1, 0, 0, 0, 0, 0, 1, 1, 0, 1] ),Support: 2
Class: 6.0 , Rule:(neurons: [65, 22, 28, 17, 14, 48, 113, 19, 76, 127, 104, 0, 102, 20, 13] ,signature: [0, 0, 0, 1, 0, 0, 1, 0, 0, 1, 0, 1, 0, 1, 1] ),Support: 2
Class: 6.0 , Rule:(neurons: [65, 22, 28, 17, 14, 48, 113, 19, 76, 52, 122, 79, 57, 68, 27, 104, 34, 124] ,signature: [0, 0, 0, 1, 0, 0, 1, 0, 1, 0, 0, 0, 0, 0, 0, 0, 1, 0] ),Support: 2
Class: 6.0 , Rule:(neurons: [65, 22, 28, 17, 14, 48, 113, 19, 76, 52, 62, 51, 68, 116, 98, 66, 11, 5, 127, 78] ,signature: [0, 0, 0, 1, 0, 0, 1, 0, 1, 1, 0, 0, 0, 0, 1, 1, 0, 0, 1, 0] ),Support: 2
Class: 6.0 , Rule:(neurons: [65, 22, 28, 17, 14, 48, 113, 19, 105, 62, 44, 66, 116, 34, 39] ,signature: [0, 0, 0, 1, 0, 0, 1, 1, 0, 0, 0, 0, 0, 0, 0] ),Support: 2
Class: 6.0 , Rule:(neurons: [65, 22, 28, 17, 14, 48, 113, 19, 105, 62, 44, 66, 116, 47, 119, 2, 27, 49, 4] ,signature: [0, 0, 0, 1, 0, 0, 1, 1, 0, 0, 0, 0, 1, 1, 1, 1, 0, 1, 0] ),Support: 2
Class: 6.0 , Rule:(neurons: [65, 22, 28, 17, 14, 48, 113, 19, 105, 62, 44, 66, 91, 80, 42, 110, 75, 119, 38, 2, 35, 94, 84, 81, 11, 36, 20] ,signature: [0, 0, 0, 1, 0, 0, 1, 1, 0, 0, 0, 1, 0, 1, 1, 0, 1, 1, 0, 1, 1, 0, 1, 0, 0, 0, 0] ),Support: 2
Class: 6.0 , Rule:(neurons: [65, 22, 28, 17, 14, 48, 113, 19, 105, 62, 127, 9, 35, 3, 92, 89] ,signature: [0, 0, 0, 1, 0, 0, 1, 1, 0, 1, 1, 0, 1, 1, 1, 0] ),Support: 2
Class: 6.0 , Rule:(neurons: [65, 22, 28, 17, 14, 48, 113, 19, 105, 61, 62, 49, 52, 34, 33, 4, 106, 89] ,signature: [0, 0, 0, 1, 0, 0, 1, 1, 1, 0, 0, 0, 0, 1, 1, 1, 0, 0] ),Support: 2
Class: 6.0 , Rule:(neurons: [65, 22, 28, 17, 14, 48, 113, 19, 105, 61, 62, 49, 52, 76, 51, 33, 96] ,signature: [0, 0, 0, 1, 0, 0, 1, 1, 1, 0, 0, 0, 1, 1, 0, 0, 1] ),Support: 2
Class: 6.0 , Rule:(neurons: [65, 22, 28, 17, 14, 48, 113, 19, 105, 61, 62, 49, 29, 54, 34, 13, 8, 68, 9, 79] ,signature: [0, 0, 0, 1, 0, 0, 1, 1, 1, 0, 0, 1, 0, 1, 1, 0, 1, 0, 1, 1] ),Support: 2
Class: 6.0 , Rule:(neurons: [65, 22, 28, 17, 14, 48, 113, 19, 105, 61, 62, 11, 91, 104, 119, 20, 76, 96, 94] ,signature: [0, 0, 0, 1, 0, 0, 1, 1, 1, 0, 1, 0, 0, 0, 1, 1, 1, 0, 1] ),Support: 2
Class: 6.0 , Rule:(neurons: [65, 22, 28, 17, 14, 48, 113, 19, 105, 61, 26, 36, 91, 40, 39, 49] ,signature: [0, 0, 0, 1, 0, 0, 1, 1, 1, 1, 0, 1, 0, 0, 1, 0] ),Support: 2
Class: 6.0 , Rule:(neurons: [65, 22, 28, 17, 14, 48, 113, 19, 105, 61, 26, 4, 83, 37, 44, 18, 38] ,signature: [0, 0, 0, 1, 0, 0, 1, 1, 1, 1, 1, 0, 0, 1, 0, 0, 0] ),Support: 2
Class: 6.0 , Rule:(neurons: [65, 22, 28, 17, 14, 48, 45, 113, 20, 36, 51, 89] ,signature: [0, 0, 0, 1, 0, 1, 0, 0, 0, 1, 0, 0] ),Support: 2
Class: 6.0 , Rule:(neurons: [65, 22, 28, 17, 14, 48, 45, 113, 62, 79, 0, 100, 110, 93, 34] ,signature: [0, 0, 0, 1, 0, 1, 0, 1, 0, 1, 1, 1, 0, 0, 0] ),Support: 2
Class: 6.0 , Rule:(neurons: [65, 22, 28, 17, 14, 48, 45, 113, 62, 79, 0, 100, 110, 93, 106, 94, 52, 31, 9, 64] ,signature: [0, 0, 0, 1, 0, 1, 0, 1, 0, 1, 1, 1, 0, 1, 0, 0, 0, 0, 0, 1] ),Support: 2
Class: 6.0 , Rule:(neurons: [65, 22, 28, 17, 14, 48, 45, 113, 62, 79, 0, 100, 110, 109, 33] ,signature: [0, 0, 0, 1, 0, 1, 0, 1, 0, 1, 1, 1, 1, 0, 1] ),Support: 2
Class: 6.0 , Rule:(neurons: [65, 22, 28, 17, 14, 48, 45, 4, 61, 84, 69, 92, 118, 44, 93, 29] ,signature: [0, 0, 0, 1, 0, 1, 1, 0, 0, 1, 0, 1, 1, 0, 1, 0] ),Support: 2
Class: 6.0 , Rule:(neurons: [65, 22, 28, 17, 14, 48, 45, 4, 94, 9, 44, 27, 55, 21, 127, 1] ,signature: [0, 0, 0, 1, 0, 1, 1, 1, 0, 0, 0, 0, 1, 0, 1, 1] ),Support: 2
Class: 6.0 , Rule:(neurons: [65, 22, 28, 17, 14, 29, 10, 106, 5, 64, 104, 113, 61, 21] ,signature: [0, 0, 0, 1, 1, 1, 0, 0, 0, 0, 0, 1, 1, 0] ),Support: 2
Class: 6.0 , Rule:(neurons: [65, 22, 28, 19, 68, 116, 45, 77, 39, 8, 17, 33, 24] ,signature: [0, 0, 1, 0, 0, 0, 0, 0, 1, 1, 1, 1, 1] ),Support: 2
Class: 6.0 , Rule:(neurons: [65, 22, 28, 19, 62, 17, 34, 40, 94, 96, 49] ,signature: [0, 0, 1, 1, 0, 0, 0, 1, 0, 0, 0] ),Support: 2
Class: 6.0 , Rule:(neurons: [65, 22, 28, 19, 62, 17, 66, 79, 104, 124, 68, 78] ,signature: [0, 0, 1, 1, 0, 1, 0, 0, 1, 0, 1, 0] ),Support: 2
Class: 6.0 , Rule:(neurons: [65, 22, 28, 19, 62, 17, 66, 79, 110, 47, 2, 106, 26] ,signature: [0, 0, 1, 1, 0, 1, 0, 1, 0, 1, 1, 1, 1] ),Support: 2
Class: 6.0 , Rule:(neurons: [65, 22, 28, 19, 62, 17, 66, 80, 38, 51, 2, 11, 64, 25, 89] ,signature: [0, 0, 1, 1, 0, 1, 1, 1, 0, 0, 0, 1, 0, 0, 0] ),Support: 2
Class: 6.0 , Rule:(neurons: [65, 22, 28, 19, 62, 17, 66, 80, 38, 106, 29, 109] ,signature: [0, 0, 1, 1, 0, 1, 1, 1, 1, 1, 1, 1] ),Support: 2
Class: 6.0 , Rule:(neurons: [65, 22, 28, 19, 62, 104, 99, 119, 11, 121, 44, 17, 106] ,signature: [0, 0, 1, 1, 1, 0, 1, 1, 1, 1, 0, 0, 1] ),Support: 2
Class: 6.0 , Rule:(neurons: [65, 22, 61, 26, 94, 1, 118, 108, 91, 123, 52, 109, 62, 38] ,signature: [0, 1, 0, 1, 1, 0, 0, 0, 0, 1, 0, 1, 0, 0] ),Support: 2
Class: 6.0 , Rule:(neurons: [65, 22, 61, 26, 94, 1, 118, 108, 25, 16, 119, 11, 36, 17] ,signature: [0, 1, 0, 1, 1, 0, 0, 1, 0, 1, 1, 1, 1, 1] ),Support: 2
Class: 6.0 , Rule:(neurons: [65, 22, 61, 92, 47, 64, 84, 15, 57, 33] ,signature: [0, 1, 1, 1, 0, 1, 0, 1, 0, 0] ),Support: 2
Class: 6.0 , Rule:(neurons: [65, 22, 61, 92, 47, 64, 84, 15, 57, 96, 5, 44, 89, 118, 38, 17] ,signature: [0, 1, 1, 1, 0, 1, 0, 1, 1, 1, 0, 0, 1, 0, 0, 1] ),Support: 2
Class: 6.0 , Rule:(neurons: [65, 22, 61, 92, 47, 64, 84, 15, 57, 96, 5, 44, 89, 118, 38, 54, 62, 17, 11, 63, 124] ,signature: [0, 1, 1, 1, 0, 1, 0, 1, 1, 1, 0, 0, 1, 0, 1, 0, 1, 1, 1, 1, 1] ),Support: 2
Class: 6.0 , Rule:(neurons: [65, 22, 61, 92, 47, 64, 84, 19, 45, 68, 42, 29] ,signature: [0, 1, 1, 1, 0, 1, 1, 1, 1, 0, 1, 0] ),Support: 2
Class: 6.0 , Rule:(neurons: [65, 22, 61, 92, 47, 108, 8, 39, 11, 28, 25, 68, 110, 122, 91] ,signature: [0, 1, 1, 1, 1, 1, 1, 1, 1, 1, 0, 1, 1, 0, 0] ),Support: 2
Class: 6.0 , Rule:(neurons: [65, 91, 62, 4, 106, 19, 20, 97, 75, 51, 92, 28, 9] ,signature: [1, 0, 0, 0, 0, 0, 1, 0, 1, 0, 1, 1, 0] ),Support: 2
Class: 6.0 , Rule:(neurons: [65, 91, 62, 4, 106, 19, 20, 97, 86, 108] ,signature: [1, 0, 0, 0, 0, 0, 1, 1, 0, 0] ),Support: 2
Class: 6.0 , Rule:(neurons: [65, 91, 62, 4, 106, 1, 49, 79, 52, 66, 5, 15, 76] ,signature: [1, 0, 0, 0, 1, 0, 0, 1, 1, 1, 0, 1, 1] ),Support: 2
Class: 6.0 , Rule:(neurons: [65, 91, 62, 4, 25, 97, 71, 48, 21, 44, 49, 115, 38, 80, 101, 69, 34, 52, 2] ,signature: [1, 0, 0, 1, 1, 0, 1, 1, 0, 1, 0, 1, 0, 1, 1, 1, 0, 0, 1] ),Support: 2
Class: 6.0 , Rule:(neurons: [65, 91, 62, 25, 19, 73, 7, 4, 83, 1, 122, 127, 89] ,signature: [1, 0, 1, 1, 1, 0, 0, 0, 0, 0, 0, 1, 0] ),Support: 2
Class: 6.0 , Rule:(neurons: [65, 22, 28, 17, 96, 62, 45, 29, 43, 34, 126, 124, 51, 11] ,signature: [0, 0, 0, 0, 0, 0, 0, 0, 1, 1, 0, 1, 0, 1] ),Support: 1
Class: 6.0 , Rule:(neurons: [65, 22, 28, 17, 96, 118, 0, 14, 62, 66, 9, 21, 7] ,signature: [0, 0, 0, 0, 1, 0, 1, 0, 0, 1, 1, 0, 1] ),Support: 1
Class: 6.0 , Rule:(neurons: [65, 22, 28, 17, 96, 118, 0, 14, 62, 94, 122, 21, 7, 3] ,signature: [0, 0, 0, 0, 1, 0, 1, 0, 1, 0, 1, 0, 0, 0] ),Support: 1
Class: 6.0 , Rule:(neurons: [65, 22, 28, 17, 14, 48, 113, 77, 79, 122, 102, 20, 104, 110, 76] ,signature: [0, 0, 0, 1, 0, 0, 0, 0, 0, 0, 0, 1, 0, 0, 1] ),Support: 1
Class: 6.0 , Rule:(neurons: [65, 22, 28, 17, 14, 48, 113, 77, 79, 122, 102, 25, 80, 99, 73, 19, 76] ,signature: [0, 0, 0, 1, 0, 0, 0, 0, 0, 0, 1, 1, 1, 0, 0, 1, 1] ),Support: 1
Class: 6.0 , Rule:(neurons: [65, 22, 28, 17, 14, 48, 113, 77, 79, 68, 20, 5, 1, 85, 83, 3, 26, 66, 11, 51, 109, 57] ,signature: [0, 0, 0, 1, 0, 0, 0, 0, 1, 0, 1, 0, 0, 1, 0, 1, 0, 1, 1, 0, 0, 0] ),Support: 1
Class: 6.0 , Rule:(neurons: [65, 22, 28, 17, 14, 48, 113, 77, 79, 68, 20, 5, 78, 69, 43, 97] ,signature: [0, 0, 0, 1, 0, 0, 0, 0, 1, 0, 1, 1, 0, 0, 1, 0] ),Support: 1
Class: 6.0 , Rule:(neurons: [65, 22, 28, 17, 14, 48, 113, 19, 76, 127, 104, 0, 102, 20, 13, 11, 97, 114, 43] ,signature: [0, 0, 0, 1, 0, 0, 1, 0, 0, 1, 0, 1, 0, 1, 0, 0, 0, 0, 0] ),Support: 1
Class: 6.0 , Rule:(neurons: [65, 22, 28, 17, 14, 48, 113, 19, 76, 52, 122, 79, 57, 68, 124, 39, 29, 110] ,signature: [0, 0, 0, 1, 0, 0, 1, 0, 1, 0, 0, 0, 0, 1, 0, 1, 0, 0] ),Support: 1
Class: 6.0 , Rule:(neurons: [65, 22, 28, 17, 14, 48, 113, 19, 76, 52, 122, 79, 20, 91, 124] ,signature: [0, 0, 0, 1, 0, 0, 1, 0, 1, 0, 0, 1, 0, 0, 0] ),Support: 1
Class: 6.0 , Rule:(neurons: [65, 22, 28, 17, 14, 48, 113, 19, 76, 52, 122, 79, 20, 5, 68, 30, 92, 78, 100] ,signature: [0, 0, 0, 1, 0, 0, 1, 0, 1, 0, 0, 1, 1, 0, 0, 1, 0, 0, 1] ),Support: 1
Class: 6.0 , Rule:(neurons: [65, 22, 28, 17, 14, 48, 113, 19, 76, 52, 122, 79, 20, 5, 68, 69] ,signature: [0, 0, 0, 1, 0, 0, 1, 0, 1, 0, 0, 1, 1, 0, 1, 1] ),Support: 1
Class: 6.0 , Rule:(neurons: [65, 22, 28, 17, 14, 48, 113, 19, 76, 52, 122, 79, 20, 5, 104, 33, 124] ,signature: [0, 0, 0, 1, 0, 0, 1, 0, 1, 0, 0, 1, 1, 1, 0, 1, 0] ),Support: 1
Class: 6.0 , Rule:(neurons: [65, 22, 28, 17, 14, 48, 113, 19, 76, 52, 122, 79, 20, 5, 104, 7, 78] ,signature: [0, 0, 0, 1, 0, 0, 1, 0, 1, 0, 0, 1, 1, 1, 1, 1, 0] ),Support: 1
Class: 6.0 , Rule:(neurons: [65, 22, 28, 17, 14, 48, 113, 19, 76, 52, 62, 51, 68, 116, 98, 66, 11, 5, 127, 78, 84] ,signature: [0, 0, 0, 1, 0, 0, 1, 0, 1, 1, 0, 0, 0, 0, 1, 1, 0, 0, 1, 1, 0] ),Support: 1
Class: 6.0 , Rule:(neurons: [65, 22, 28, 17, 14, 48, 113, 19, 105, 62, 44, 66, 116, 47, 52, 84, 63] ,signature: [0, 0, 0, 1, 0, 0, 1, 1, 0, 0, 0, 0, 1, 0, 1, 1, 0] ),Support: 1
Class: 6.0 , Rule:(neurons: [65, 22, 28, 17, 14, 48, 113, 19, 105, 62, 44, 66, 116, 47, 119, 2, 27, 123] ,signature: [0, 0, 0, 1, 0, 0, 1, 1, 0, 0, 0, 0, 1, 1, 1, 1, 1, 0] ),Support: 1
Class: 6.0 , Rule:(neurons: [65, 22, 28, 17, 14, 48, 113, 19, 105, 62, 44, 66, 91, 80, 42, 92, 4, 96] ,signature: [0, 0, 0, 1, 0, 0, 1, 1, 0, 0, 0, 1, 0, 1, 0, 0, 1, 1] ),Support: 1
Class: 6.0 , Rule:(neurons: [65, 22, 28, 17, 14, 48, 113, 19, 105, 62, 44, 66, 91, 80, 42, 110, 75, 119, 38, 2, 35, 7, 47, 5] ,signature: [0, 0, 0, 1, 0, 0, 1, 1, 0, 0, 0, 1, 0, 1, 1, 0, 1, 1, 0, 1, 0, 0, 0, 1] ),Support: 1
Class: 6.0 , Rule:(neurons: [65, 22, 28, 17, 14, 48, 113, 19, 105, 62, 44, 66, 91, 80, 42, 110, 75, 119, 38, 2, 35, 7, 51, 114] ,signature: [0, 0, 0, 1, 0, 0, 1, 1, 0, 0, 0, 1, 0, 1, 1, 0, 1, 1, 0, 1, 0, 1, 1, 1] ),Support: 1
Class: 6.0 , Rule:(neurons: [65, 22, 28, 17, 14, 48, 113, 19, 105, 62, 44, 66, 91, 80, 42, 110, 75, 119, 38, 2, 35, 94, 84, 61, 99] ,signature: [0, 0, 0, 1, 0, 0, 1, 1, 0, 0, 0, 1, 0, 1, 1, 0, 1, 1, 0, 1, 1, 0, 0, 0, 0] ),Support: 1
Class: 6.0 , Rule:(neurons: [65, 22, 28, 17, 14, 48, 113, 19, 105, 62, 44, 66, 91, 80, 42, 110, 75, 119, 38, 2, 35, 94, 84, 81, 118, 15, 29, 3] ,signature: [0, 0, 0, 1, 0, 0, 1, 1, 0, 0, 0, 1, 0, 1, 1, 0, 1, 1, 0, 1, 1, 0, 1, 1, 1, 1, 1, 0] ),Support: 1
Class: 6.0 , Rule:(neurons: [65, 22, 28, 17, 14, 48, 113, 19, 105, 62, 44, 66, 91, 80, 42, 110, 75, 119, 38, 2, 35, 94, 57, 100] ,signature: [0, 0, 0, 1, 0, 0, 1, 1, 0, 0, 0, 1, 0, 1, 1, 0, 1, 1, 0, 1, 1, 1, 1, 0] ),Support: 1
Class: 6.0 , Rule:(neurons: [65, 22, 28, 17, 14, 48, 113, 19, 105, 62, 44, 13, 1, 74] ,signature: [0, 0, 0, 1, 0, 0, 1, 1, 0, 0, 1, 1, 0, 0] ),Support: 1
Class: 6.0 , Rule:(neurons: [65, 22, 28, 17, 14, 48, 113, 19, 105, 62, 127, 9, 35, 3, 92, 89, 108] ,signature: [0, 0, 0, 1, 0, 0, 1, 1, 0, 1, 1, 0, 1, 1, 1, 1, 1] ),Support: 1
Class: 6.0 , Rule:(neurons: [65, 22, 28, 17, 14, 48, 113, 19, 105, 61, 62, 49, 52, 34, 39, 64] ,signature: [0, 0, 0, 1, 0, 0, 1, 1, 1, 0, 0, 0, 0, 0, 0, 0] ),Support: 1
Class: 6.0 , Rule:(neurons: [65, 22, 28, 17, 14, 48, 113, 19, 105, 61, 62, 49, 52, 34, 33, 31, 91, 69, 63] ,signature: [0, 0, 0, 1, 0, 0, 1, 1, 1, 0, 0, 0, 0, 1, 0, 0, 0, 1, 0] ),Support: 1
Class: 6.0 , Rule:(neurons: [65, 22, 28, 17, 14, 48, 113, 19, 105, 61, 62, 49, 52, 76, 51, 33, 25, 39] ,signature: [0, 0, 0, 1, 0, 0, 1, 1, 1, 0, 0, 0, 1, 1, 0, 1, 0, 0] ),Support: 1
Class: 6.0 , Rule:(neurons: [65, 22, 28, 17, 14, 48, 113, 19, 105, 61, 62, 49, 52, 76, 51, 33, 25, 39, 106] ,signature: [0, 0, 0, 1, 0, 0, 1, 1, 1, 0, 0, 0, 1, 1, 0, 1, 0, 1, 0] ),Support: 1
Class: 6.0 , Rule:(neurons: [65, 22, 28, 17, 14, 48, 113, 19, 105, 61, 62, 49, 29, 54, 34, 68, 20] ,signature: [0, 0, 0, 1, 0, 0, 1, 1, 1, 0, 0, 1, 0, 1, 0, 0, 0] ),Support: 1
Class: 6.0 , Rule:(neurons: [65, 22, 28, 17, 14, 48, 113, 19, 105, 61, 62, 49, 29, 51, 89, 118] ,signature: [0, 0, 0, 1, 0, 0, 1, 1, 1, 0, 0, 1, 1, 0, 1, 1] ),Support: 1
Class: 6.0 , Rule:(neurons: [65, 22, 28, 17, 14, 48, 113, 19, 105, 61, 26, 4, 83, 37, 44, 54] ,signature: [0, 0, 0, 1, 0, 0, 1, 1, 1, 1, 1, 0, 0, 1, 1, 0] ),Support: 1
Class: 6.0 , Rule:(neurons: [65, 22, 28, 17, 14, 48, 113, 19, 105, 61, 26, 4, 45, 38, 69, 1] ,signature: [0, 0, 0, 1, 0, 0, 1, 1, 1, 1, 1, 1, 0, 0, 1, 1] ),Support: 1
Class: 6.0 , Rule:(neurons: [65, 22, 28, 17, 14, 48, 45, 113, 20, 36, 51, 89, 121] ,signature: [0, 0, 0, 1, 0, 1, 0, 0, 0, 1, 0, 1, 1] ),Support: 1
Class: 6.0 , Rule:(neurons: [65, 22, 28, 17, 14, 48, 45, 113, 62, 79, 84, 109, 4, 127, 73] ,signature: [0, 0, 0, 1, 0, 1, 0, 1, 0, 0, 1, 1, 1, 0, 1] ),Support: 1
Class: 6.0 , Rule:(neurons: [65, 22, 28, 17, 14, 48, 45, 113, 62, 79, 0, 100, 36, 81] ,signature: [0, 0, 0, 1, 0, 1, 0, 1, 0, 1, 1, 0, 1, 1] ),Support: 1
Class: 6.0 , Rule:(neurons: [65, 22, 28, 17, 14, 48, 45, 113, 62, 79, 0, 100, 110, 93, 106, 94, 52, 39, 116] ,signature: [0, 0, 0, 1, 0, 1, 0, 1, 0, 1, 1, 1, 0, 1, 0, 0, 1, 1, 0] ),Support: 1
Class: 6.0 , Rule:(neurons: [65, 22, 28, 17, 14, 48, 45, 113, 62, 79, 0, 100, 110, 93, 106, 91, 101, 61] ,signature: [0, 0, 0, 1, 0, 1, 0, 1, 0, 1, 1, 1, 0, 1, 1, 0, 1, 1] ),Support: 1
Class: 6.0 , Rule:(neurons: [65, 22, 28, 17, 14, 48, 45, 113, 62, 61, 4, 33] ,signature: [0, 0, 0, 1, 0, 1, 0, 1, 1, 0, 0, 1] ),Support: 1
Class: 6.0 , Rule:(neurons: [65, 22, 28, 17, 14, 48, 45, 4, 61, 84, 127, 16, 121, 92, 88, 67] ,signature: [0, 0, 0, 1, 0, 1, 1, 0, 0, 0, 0, 1, 0, 0, 1, 0] ),Support: 1
Class: 6.0 , Rule:(neurons: [65, 22, 28, 17, 14, 48, 45, 4, 61, 84, 69, 97, 46] ,signature: [0, 0, 0, 1, 0, 1, 1, 0, 0, 1, 1, 0, 1] ),Support: 1
Class: 6.0 , Rule:(neurons: [65, 22, 28, 17, 14, 48, 45, 4, 94, 9, 44, 110, 57, 63, 49, 2, 66, 115, 73, 105, 10] ,signature: [0, 0, 0, 1, 0, 1, 1, 1, 0, 0, 1, 0, 1, 1, 0, 1, 1, 0, 0, 1, 0] ),Support: 1
Class: 6.0 , Rule:(neurons: [65, 22, 28, 17, 14, 48, 45, 4, 94, 127, 11, 84, 10] ,signature: [0, 0, 0, 1, 0, 1, 1, 1, 1, 1, 0, 1, 0] ),Support: 1
Class: 6.0 , Rule:(neurons: [65, 22, 28, 17, 14, 48, 45, 4, 94, 127, 11] ,signature: [0, 0, 0, 1, 0, 1, 1, 1, 1, 1, 1] ),Support: 1
Class: 6.0 , Rule:(neurons: [65, 22, 28, 17, 14, 29, 43, 62, 91, 49, 15, 9, 78] ,signature: [0, 0, 0, 1, 1, 0, 1, 1, 0, 1, 1, 1, 0] ),Support: 1
Class: 6.0 , Rule:(neurons: [65, 22, 28, 17, 14, 29, 10, 106, 5, 64, 93, 85, 68, 71, 37, 48, 91, 118, 18, 126] ,signature: [0, 0, 0, 1, 1, 1, 0, 0, 0, 1, 1, 1, 0, 1, 1, 0, 0, 1, 0, 0] ),Support: 1
Class: 6.0 , Rule:(neurons: [65, 22, 28, 17, 14, 29, 10, 106, 5, 64, 93, 85, 68, 110, 73, 61] ,signature: [0, 0, 0, 1, 1, 1, 0, 0, 0, 1, 1, 1, 1, 0, 0, 1] ),Support: 1
Class: 6.0 , Rule:(neurons: [65, 22, 28, 17, 14, 29, 10, 106, 5, 115, 108, 118, 110] ,signature: [0, 0, 0, 1, 1, 1, 0, 0, 1, 1, 0, 0, 0] ),Support: 1
Class: 6.0 , Rule:(neurons: [65, 22, 28, 19, 68, 116, 45, 77, 39, 34, 10, 15] ,signature: [0, 0, 1, 0, 0, 0, 0, 0, 0, 0, 0, 0] ),Support: 1
Class: 6.0 , Rule:(neurons: [65, 22, 28, 19, 68, 116, 45, 77, 39, 34, 101, 127, 98] ,signature: [0, 0, 1, 0, 0, 0, 0, 0, 0, 1, 0, 1, 1] ),Support: 1
Class: 6.0 , Rule:(neurons: [65, 22, 28, 19, 68, 116, 8, 104, 79, 24, 54, 122, 102, 51, 77, 33] ,signature: [0, 0, 1, 0, 0, 1, 1, 1, 0, 1, 1, 0, 1, 1, 0, 0] ),Support: 1
Class: 6.0 , Rule:(neurons: [65, 22, 28, 19, 68, 116, 8, 104, 79, 115, 27, 15] ,signature: [0, 0, 1, 0, 0, 1, 1, 1, 1, 0, 1, 1] ),Support: 1
Class: 6.0 , Rule:(neurons: [65, 22, 28, 19, 68, 29, 66, 91, 25, 48, 13] ,signature: [0, 0, 1, 0, 1, 0, 1, 0, 1, 0, 1] ),Support: 1
Class: 6.0 , Rule:(neurons: [65, 22, 28, 19, 68, 29, 66, 91, 52, 49, 5] ,signature: [0, 0, 1, 0, 1, 0, 1, 1, 1, 0, 0] ),Support: 1
Class: 6.0 , Rule:(neurons: [65, 22, 28, 19, 62, 17, 34, 40, 94, 96, 49, 99] ,signature: [0, 0, 1, 1, 0, 0, 0, 1, 0, 0, 1, 1] ),Support: 1
Class: 6.0 , Rule:(neurons: [65, 22, 28, 19, 62, 17, 34, 54, 45, 27, 105, 89] ,signature: [0, 0, 1, 1, 0, 0, 1, 1, 0, 0, 0, 1] ),Support: 1
Class: 6.0 , Rule:(neurons: [65, 22, 28, 19, 62, 17, 34, 54, 45, 27, 96, 104, 108, 29, 86, 99] ,signature: [0, 0, 1, 1, 0, 0, 1, 1, 0, 1, 1, 0, 0, 1, 0, 1] ),Support: 1
Class: 6.0 , Rule:(neurons: [65, 22, 28, 19, 62, 17, 66, 79, 104, 99, 101, 76, 96] ,signature: [0, 0, 1, 1, 0, 1, 0, 0, 0, 0, 1, 0, 0] ),Support: 1
Class: 6.0 , Rule:(neurons: [65, 22, 28, 19, 62, 17, 66, 79, 104, 99, 52, 123, 127, 35, 55, 3] ,signature: [0, 0, 1, 1, 0, 1, 0, 0, 0, 1, 0, 1, 1, 0, 0, 0] ),Support: 1
Class: 6.0 , Rule:(neurons: [65, 22, 28, 19, 62, 17, 66, 79, 104, 99, 52, 123, 127, 35, 76, 21, 57, 43, 49, 91, 115] ,signature: [0, 0, 1, 1, 0, 1, 0, 0, 0, 1, 0, 1, 1, 1, 1, 1, 0, 1, 1, 0, 0] ),Support: 1
Class: 6.0 , Rule:(neurons: [65, 22, 28, 19, 62, 17, 66, 79, 104, 99, 52, 123, 127, 35, 76, 21, 57, 110] ,signature: [0, 0, 1, 1, 0, 1, 0, 0, 0, 1, 0, 1, 1, 1, 1, 1, 1, 0] ),Support: 1
Class: 6.0 , Rule:(neurons: [65, 22, 28, 19, 62, 17, 66, 79, 104, 124, 68, 102, 75, 46] ,signature: [0, 0, 1, 1, 0, 1, 0, 0, 1, 0, 0, 0, 1, 1] ),Support: 1
Class: 6.0 , Rule:(neurons: [65, 22, 28, 19, 62, 17, 66, 80, 73, 77, 64, 26, 4, 0, 102] ,signature: [0, 0, 1, 1, 0, 1, 1, 0, 0, 0, 1, 1, 0, 0, 1] ),Support: 1
Class: 6.0 , Rule:(neurons: [65, 22, 28, 19, 62, 17, 66, 80, 73, 77, 27] ,signature: [0, 0, 1, 1, 0, 1, 1, 0, 0, 1, 0] ),Support: 1
Class: 6.0 , Rule:(neurons: [65, 22, 28, 19, 62, 17, 66, 80, 38, 51, 2, 77, 52, 43, 110, 4, 82, 47] ,signature: [0, 0, 1, 1, 0, 1, 1, 1, 0, 0, 1, 0, 0, 0, 0, 0, 0, 0] ),Support: 1
Class: 6.0 , Rule:(neurons: [65, 22, 28, 19, 62, 17, 66, 80, 38, 51, 2, 77, 52, 43, 63, 26, 92, 102] ,signature: [0, 0, 1, 1, 0, 1, 1, 1, 0, 0, 1, 0, 0, 1, 0, 1, 1, 1] ),Support: 1
Class: 6.0 , Rule:(neurons: [65, 22, 28, 19, 62, 17, 66, 80, 38, 51, 2, 77, 52, 43, 63, 14, 113, 73, 11, 21, 46, 110, 39, 3] ,signature: [0, 0, 1, 1, 0, 1, 1, 1, 0, 0, 1, 0, 0, 1, 1, 0, 1, 0, 0, 0, 0, 1, 0, 1] ),Support: 1
Class: 6.0 , Rule:(neurons: [65, 22, 28, 19, 62, 17, 66, 80, 38, 51, 2, 77, 52, 43, 63, 14, 113, 73, 21, 8] ,signature: [0, 0, 1, 1, 0, 1, 1, 1, 0, 0, 1, 0, 0, 1, 1, 0, 1, 1, 1, 0] ),Support: 1
Class: 6.0 , Rule:(neurons: [65, 22, 28, 19, 62, 17, 66, 80, 38, 51, 2, 77, 64, 108, 114] ,signature: [0, 0, 1, 1, 0, 1, 1, 1, 0, 0, 1, 1, 0, 1, 1] ),Support: 1
Class: 6.0 , Rule:(neurons: [65, 22, 28, 19, 62, 17, 66, 80, 38, 51, 15, 11] ,signature: [0, 0, 1, 1, 0, 1, 1, 1, 0, 1, 0, 1] ),Support: 1
Class: 6.0 , Rule:(neurons: [65, 22, 28, 19, 62, 17, 66, 80, 38, 106, 42, 92, 43] ,signature: [0, 0, 1, 1, 0, 1, 1, 1, 1, 0, 0, 0, 1] ),Support: 1
Class: 6.0 , Rule:(neurons: [65, 22, 28, 19, 62, 17, 66, 80, 38, 106, 42, 31, 39, 34, 45] ,signature: [0, 0, 1, 1, 0, 1, 1, 1, 1, 0, 1, 1, 1, 1, 0] ),Support: 1
Class: 6.0 , Rule:(neurons: [65, 22, 28, 19, 62, 104, 99, 11, 110, 116, 3, 64] ,signature: [0, 0, 1, 1, 1, 0, 0, 0, 0, 1, 0, 1] ),Support: 1
Class: 6.0 , Rule:(neurons: [65, 22, 28, 19, 62, 104, 99, 11, 9, 118, 26, 10, 55, 37, 39] ,signature: [0, 0, 1, 1, 1, 0, 0, 1, 1, 0, 0, 0, 1, 1, 0] ),Support: 1
Class: 6.0 , Rule:(neurons: [65, 22, 28, 19, 62, 104, 99, 119, 86, 106, 36, 33, 10] ,signature: [0, 0, 1, 1, 1, 0, 1, 0, 0, 0, 1, 1, 1] ),Support: 1
Class: 6.0 , Rule:(neurons: [65, 22, 28, 19, 62, 104, 99, 119, 11, 21, 88, 9, 126] ,signature: [0, 0, 1, 1, 1, 0, 1, 1, 0, 0, 0, 0, 0] ),Support: 1
Class: 6.0 , Rule:(neurons: [65, 22, 28, 19, 62, 104, 99, 119, 11, 21, 20, 89, 64, 4] ,signature: [0, 0, 1, 1, 1, 0, 1, 1, 0, 1, 1, 0, 1, 0] ),Support: 1
Class: 6.0 , Rule:(neurons: [65, 22, 28, 19, 62, 104, 99, 119, 11, 21, 20, 89, 33, 57, 92, 5] ,signature: [0, 0, 1, 1, 1, 0, 1, 1, 0, 1, 1, 1, 1, 1, 0, 0] ),Support: 1
Class: 6.0 , Rule:(neurons: [65, 22, 28, 19, 62, 104, 99, 119, 11, 121, 92, 17, 123, 114, 116] ,signature: [0, 0, 1, 1, 1, 0, 1, 1, 1, 0, 0, 1, 1, 0, 1] ),Support: 1
Class: 6.0 , Rule:(neurons: [65, 22, 28, 19, 62, 104, 118, 79, 61] ,signature: [0, 0, 1, 1, 1, 1, 1, 0, 1] ),Support: 1
Class: 6.0 , Rule:(neurons: [65, 22, 28, 19, 62, 104, 118, 79, 25, 81] ,signature: [0, 0, 1, 1, 1, 1, 1, 1, 0, 0] ),Support: 1
Class: 6.0 , Rule:(neurons: [65, 22, 61, 26, 94, 25, 34, 89, 109] ,signature: [0, 1, 0, 1, 0, 0, 0, 0, 1] ),Support: 1
Class: 6.0 , Rule:(neurons: [65, 22, 61, 26, 94, 25, 34, 118, 0, 101, 20, 55, 51, 49] ,signature: [0, 1, 0, 1, 0, 0, 1, 0, 1, 1, 0, 0, 0, 0] ),Support: 1
Class: 6.0 , Rule:(neurons: [65, 22, 61, 26, 94, 25, 14, 44, 98, 40, 105, 106, 84, 47] ,signature: [0, 1, 0, 1, 0, 1, 0, 0, 0, 1, 1, 0, 1, 1] ),Support: 1
Class: 6.0 , Rule:(neurons: [65, 22, 61, 26, 94, 1, 118, 108, 91, 123, 52, 4, 15, 34, 43] ,signature: [0, 1, 0, 1, 1, 0, 0, 0, 0, 1, 1, 0, 1, 0, 1] ),Support: 1
Class: 6.0 , Rule:(neurons: [65, 22, 61, 26, 94, 1, 118, 57, 45, 99, 91, 33, 121] ,signature: [0, 1, 0, 1, 1, 0, 1, 0, 0, 1, 0, 0, 1] ),Support: 1
Class: 6.0 , Rule:(neurons: [65, 22, 61, 26, 94, 1, 118, 57, 74, 8, 93, 25, 108, 3] ,signature: [0, 1, 0, 1, 1, 0, 1, 1, 1, 1, 0, 1, 0, 1] ),Support: 1
Class: 6.0 , Rule:(neurons: [65, 22, 61, 26, 94, 1, 118, 57, 109, 27] ,signature: [0, 1, 0, 1, 1, 1, 0, 0, 1, 0] ),Support: 1
Class: 6.0 , Rule:(neurons: [65, 22, 61, 26, 94, 1, 118, 91, 93, 84] ,signature: [0, 1, 0, 1, 1, 1, 1, 0, 1, 1] ),Support: 1
Class: 6.0 , Rule:(neurons: [65, 22, 61, 92, 10, 47, 44, 89, 106, 101, 20] ,signature: [0, 1, 1, 0, 1, 0, 0, 1, 0, 1, 0] ),Support: 1
Class: 6.0 , Rule:(neurons: [65, 22, 61, 92, 10, 47, 39, 26, 34, 17, 86, 102] ,signature: [0, 1, 1, 0, 1, 1, 0, 1, 0, 1, 0, 1] ),Support: 1
Class: 6.0 , Rule:(neurons: [65, 22, 61, 92, 10, 47, 39, 63, 94, 110] ,signature: [0, 1, 1, 0, 1, 1, 1, 0, 1, 0] ),Support: 1
Class: 6.0 , Rule:(neurons: [65, 22, 61, 92, 47, 64, 84, 15, 57, 96, 5, 44, 89, 19, 102] ,signature: [0, 1, 1, 1, 0, 1, 0, 1, 1, 1, 0, 0, 0, 1, 1] ),Support: 1
Class: 6.0 , Rule:(neurons: [65, 22, 61, 92, 47, 64, 84, 15, 57, 96, 5, 44, 89, 118, 38, 54, 67, 101, 40, 51] ,signature: [0, 1, 1, 1, 0, 1, 0, 1, 1, 1, 0, 0, 1, 0, 1, 1, 0, 0, 1, 0] ),Support: 1
Class: 6.0 , Rule:(neurons: [65, 22, 61, 92, 47, 64, 84, 19, 45, 68, 126] ,signature: [0, 1, 1, 1, 0, 1, 1, 1, 1, 1, 0] ),Support: 1
Class: 6.0 , Rule:(neurons: [65, 22, 61, 92, 47, 108, 99, 121, 91, 38] ,signature: [0, 1, 1, 1, 1, 0, 1, 0, 0, 0] ),Support: 1
Class: 6.0 , Rule:(neurons: [65, 22, 61, 92, 47, 108, 8, 39, 11, 28, 25, 17, 1] ,signature: [0, 1, 1, 1, 1, 1, 1, 1, 1, 1, 1, 1, 1] ),Support: 1
Class: 6.0 , Rule:(neurons: [65, 91, 62, 4, 106, 19, 20, 97, 75, 116, 29] ,signature: [1, 0, 0, 0, 0, 0, 1, 0, 0, 1, 0] ),Support: 1
Class: 6.0 , Rule:(neurons: [65, 91, 62, 4, 106, 19, 0, 85, 9, 28, 97] ,signature: [1, 0, 0, 0, 0, 1, 1, 0, 0, 1, 0] ),Support: 1
Class: 6.0 , Rule:(neurons: [65, 91, 62, 4, 106, 19, 0, 85, 79, 29, 28] ,signature: [1, 0, 0, 0, 0, 1, 1, 1, 0, 1, 1] ),Support: 1
Class: 6.0 , Rule:(neurons: [65, 91, 62, 4, 106, 19, 0, 85, 79, 73, 113, 9, 88] ,signature: [1, 0, 0, 0, 0, 1, 1, 1, 1, 0, 0, 0, 0] ),Support: 1
Class: 6.0 , Rule:(neurons: [65, 91, 62, 4, 106, 19, 0, 85, 79, 73, 114] ,signature: [1, 0, 0, 0, 0, 1, 1, 1, 1, 1, 0] ),Support: 1
Class: 6.0 , Rule:(neurons: [65, 91, 62, 4, 106, 1, 49, 79, 55, 9, 42, 115, 48, 110, 26] ,signature: [1, 0, 0, 0, 1, 0, 0, 0, 0, 0, 1, 0, 0, 1, 1] ),Support: 1
Class: 6.0 , Rule:(neurons: [65, 91, 62, 4, 106, 1, 49, 79, 52, 77, 85, 2, 28, 75, 118] ,signature: [1, 0, 0, 0, 1, 0, 0, 1, 0, 0, 1, 0, 0, 0, 0] ),Support: 1
Class: 6.0 , Rule:(neurons: [65, 91, 62, 4, 106, 1, 49, 79, 52, 66, 5, 57, 27, 3, 61, 55, 28] ,signature: [1, 0, 0, 0, 1, 0, 0, 1, 1, 1, 1, 0, 0, 0, 1, 0, 0] ),Support: 1
Class: 6.0 , Rule:(neurons: [65, 91, 62, 4, 106, 1, 49, 79, 52, 66, 5, 57, 59, 9, 22, 48, 33, 116] ,signature: [1, 0, 0, 0, 1, 0, 0, 1, 1, 1, 1, 1, 0, 1, 0, 1, 0, 0] ),Support: 1
Class: 6.0 , Rule:(neurons: [65, 91, 62, 4, 106, 1, 49, 20, 94, 0, 124, 82, 3] ,signature: [1, 0, 0, 0, 1, 0, 1, 1, 0, 1, 0, 0, 0] ),Support: 1
Class: 6.0 , Rule:(neurons: [65, 91, 62, 4, 106, 1, 49, 20, 94, 0, 124, 33, 21, 48, 105] ,signature: [1, 0, 0, 0, 1, 0, 1, 1, 0, 1, 1, 1, 0, 1, 0] ),Support: 1
Class: 6.0 , Rule:(neurons: [65, 91, 62, 4, 25, 29, 36, 96, 54, 0, 86, 19] ,signature: [1, 0, 0, 1, 0, 0, 1, 1, 0, 1, 0, 1] ),Support: 1
Class: 6.0 , Rule:(neurons: [65, 91, 62, 4, 25, 97, 71, 48, 21, 44, 49, 115, 38, 80, 101, 51, 76, 75, 2] ,signature: [1, 0, 0, 1, 1, 0, 1, 1, 0, 1, 0, 1, 0, 1, 0, 0, 1, 0, 1] ),Support: 1
Class: 6.0 , Rule:(neurons: [65, 91, 62, 4, 25, 97, 71, 48, 21, 44, 49, 115, 38, 9, 118, 11] ,signature: [1, 0, 0, 1, 1, 0, 1, 1, 0, 1, 0, 1, 1, 1, 0, 1] ),Support: 1
Class: 6.0 , Rule:(neurons: [65, 91, 62, 4, 25, 97, 71, 48, 21, 44, 49, 82, 121, 106, 11] ,signature: [1, 0, 0, 1, 1, 0, 1, 1, 0, 1, 1, 1, 1, 0, 1] ),Support: 1
Class: 6.0 , Rule:(neurons: [65, 91, 62, 25, 1, 94, 63, 45, 2, 32, 13, 47, 20, 83, 52, 27, 9] ,signature: [1, 0, 1, 0, 0, 0, 1, 1, 1, 1, 0, 1, 1, 0, 0, 0, 1] ),Support: 1
Class: 6.0 , Rule:(neurons: [65, 91, 62, 25, 1, 94, 63, 45, 2, 32, 13, 17, 104] ,signature: [1, 0, 1, 0, 0, 0, 1, 1, 1, 1, 1, 1, 0] ),Support: 1
Class: 6.0 , Rule:(neurons: [65, 91, 62, 25, 19, 79, 21, 4, 5, 114, 94, 115, 22] ,signature: [1, 0, 1, 1, 0, 1, 0, 0, 1, 0, 0, 1, 0] ),Support: 1
Class: 6.0 , Rule:(neurons: [65, 91, 62, 25, 19, 73, 7, 4, 82, 84, 9] ,signature: [1, 0, 1, 1, 1, 0, 0, 1, 1, 1, 1] ),Support: 1