-0.007722735870629549
-0.010465910658240318
0.111768625676631927
0.026405788958072662
-0.179873302578926086
-0.026305200532078743
0.025980753824114799
0.030451508238911629
-0.146380305290222168
0.022714149206876755
0.117262244224548340
-0.109454907476902008
-0.065094396471977234
0.013538509607315063
-0.042933478951454163
0.180725961923599243
0.063884280622005463
0.145278960466384888
0.190061450004577637
-0.080357678234577179
0.044196706265211105
-0.136600375175476074
0.154907763004302979
0.165028601884841919
-0.119279928505420685
-0.017023036256432533
-0.116914123296737671
0.142563313245773315
0.228624388575553894
-0.033001568168401718
-0.038794077932834625
0.012205379083752632
0.062578938901424408
-0.046336304396390915
0.004808916244655848
0.133361563086509705
-0.203255474567413330
-0.033233232796192169
0.137948065996170044
-0.134586438536643982
-0.162526369094848633
-0.014567034319043159
0.003760423976927996
-0.203590616583824158
0.010911824181675911
0.007540503516793251
0.033021144568920135
-0.085012301802635193
0.000528958044014871
0.057222504168748856
