0.000975470000412315
-0.012057152576744556
-0.011049705557525158
-0.000309455645037815
0.004153733141720295
-0.006607816554605961
0.003288489766418934
-0.012075200676918030
0.012814300134778023
-0.026236090809106827
-0.004529058001935482
0.017164735123515129
-0.014356787316501141
0.007170978467911482
-0.000546853523701429
0.008711964823305607
0.014367592521011829
-0.010427007451653481
0.009147009812295437
-0.003411870682612062
0.024661432951688766
0.004822656512260437
-0.027719533070921898
0.014872961677610874
-0.013653781265020370
-0.016935857012867928
0.014020476490259171
0.019385969266295433
0.019720070064067841
0.002099820645526052
-0.012653605081140995
-0.007985201664268970
0.008785273879766464
-0.006762042641639709
-0.005709254182875156
0.000612910720519722
-0.002538317348808050
-0.020299900323152542
0.014120824635028839
0.002099628793075681
-0.002443310339003801
0.009287415072321892
0.007528449874371290
0.005427925847470760
-0.000876255275215954
-0.011149304918944836
0.011564414948225021
0.006420531310141087
0.000980186159722507
-0.017914099618792534
-0.001063375850208104
0.007053645327687263
0.011725540272891521
-0.011955990456044674
-0.005110739264637232
0.000715043395757675
0.015434765256941319
-0.008001185022294521
-0.003524495987221599
0.006895045284181833
0.040815286338329315
-0.008521907962858677
-0.003091007471084595
0.014878400601446629
0.011165761388838291
0.001462097512558103
-0.013623626902699471
0.000675030576530844
0.010634076781570911
-0.004340921062976122
-0.016218747943639755
0.010532210581004620
-0.015575938858091831
-0.011622559279203415
0.010311142541468143
-0.018075669184327126
0.014575079083442688
0.005297044757753611
0.001588809886015952
-0.008927169255912304
-0.012007270008325577
-0.006000694818794727
-0.002674734219908714
-0.011762953363358974
-0.014746663160622120
0.011589640751481056
-0.006451565306633711
-0.022002141922712326
0.017610721290111542
0.018412197008728981
-0.005166343413293362
-0.008465100079774857
0.000490787555463612
0.002741361735388637
0.005646843928843737
-0.002668036613613367
0.010003033094108105
0.023392509669065475
0.001805691746994853
0.003474343335255980
-0.009728136472404003
0.005429659504443407
0.010703846812248230
-0.010709179565310478
0.017931379377841949
0.002514044055715203
0.005556583870202303
-0.001703135203570127
-0.002256161766126752
0.000564769492484629
0.010984296910464764
-0.019765013828873634
0.011451301164925098
-0.008135536685585976
0.007510008756071329
-0.000366984808351845
0.006120034493505955
0.013060215860605240
0.022152835503220558
0.012921378947794437
-0.010231865569949150
-0.013101351447403431
-0.009371081367135048
0.016180023550987244
0.000201132235815749
-0.013722658157348633
-0.009841707535088062
0.015870582312345505
