-0.015568706206977367
0.142236620187759399
-0.029262060299515724
0.103813998401165009
-0.155920907855033875
-0.151321485638618469
-0.056967873126268387
-0.038183297961950302
-0.068424105644226074
-0.021560801193118095
-0.103795275092124939
-0.017173331230878830
-0.081277169287204742
-0.058445814996957779
0.055909946560859680
-0.044096447527408600
0.000224452916882001
-0.038870297372341156
-0.048082578927278519
-0.220589637756347656
-0.022072648629546165
-0.005520967300981283
-0.202745124697685242
-0.176146343350410461
-0.034876503050327301
-0.032771453261375427
0.008438207209110260
0.024499299004673958
-0.011557283811271191
-0.065538495779037476
-0.074013054370880127
-0.075058534741401672
-0.148221611976623535
-0.035663541406393051
0.036850355565547943
-0.024991432204842567
-0.061028696596622467
-0.055189341306686401
-0.005272112786769867
-0.102061450481414795
-0.125147283077239990
-0.034177027642726898
0.072759568691253662
-0.025760695338249207
-0.104664944112300873
0.046246770769357681
0.004732604604214430
-0.053683802485466003
0.152746662497520447
-0.011666083708405495
0.156705170869827271
0.029073240235447884
-0.005518884863704443
-0.055153395980596542
-0.193882063031196594
-0.137446358799934387
-0.042506128549575806
-0.015280010178685188
-0.084009759128093719
0.034589566290378571
-0.055525444447994232
-0.094083584845066071
0.067647635936737061
-0.024346999824047089
0.157360941171646118
-0.025436732918024063
-0.083758570253849030
-0.040406346321105957
0.027844674885272980
-0.163307473063468933
-0.019547047093510628
-0.109900005161762238
0.116163253784179688
0.054667964577674866
-0.096825368702411652
-0.006814564578235149
-0.005880601238459349
0.032479848712682724
-0.071363203227519989
0.056180290877819061
-0.055110089480876923
-0.090440258383750916
-0.024073449894785881
-0.086054056882858276
0.090218372642993927
-0.048495732247829437
0.026732202619314194
-0.034684941172599792
0.041292965412139893
0.026145461946725845
0.033945526927709579
-0.056413598358631134
-0.026267800480127335
-0.065958648920059204
-0.044882904738187790
0.053431175649166107
-0.029600258916616440
-0.110490806400775909
-0.035370532423257828
-0.224349051713943481
-0.080362968146800995
-0.035255722701549530
0.012726919725537300
0.157462358474731445
-0.087090976536273956
-0.090748704969882965
-0.025659391656517982
0.016315804794430733
0.015426231548190117
-0.062323994934558868
-0.021012296900153160
-0.035875674337148666
-0.028306795284152031
-0.075005367398262024
0.047193411737680435
-0.007739100139588118
-0.132205203175544739
-0.029854295775294304
-0.172369882464408875
0.102363288402557373
-0.047262735664844513
0.145518913865089417
-0.083818145096302032
-0.009926713071763515
-0.045529335737228394
-0.097026638686656952
-0.052754200994968414
-0.026112210005521774
