-0.077676512300968170
-0.007365903351455927
-0.059735830873250961
-0.028544493019580841
-0.251271218061447144
0.200246006250381470
-0.288353413343429565
0.020700916647911072
0.073354929685592651
0.071948818862438202
0.050617933273315430
0.163743421435356140
-0.160055518150329590
-0.037515308707952499
-0.094106040894985199
-0.018160365521907806
-0.254148215055465698
0.152936697006225586
0.014585615135729313
0.224859118461608887
-0.028822541236877441
0.126428633928298950
-0.133749991655349731
0.165301516652107239
-0.146431252360343933
-0.069174431264400482
-0.108396105468273163
-0.121253609657287598
-0.063975185155868530
0.021954173222184181
-0.003072289749979973
0.103347502648830414
-0.111831128597259521
-0.116326138377189636
0.029829606413841248
0.023311400786042213
0.087113939225673676
0.055446848273277283
-0.183345779776573181
-0.025472134351730347
-0.002487222664058208
-0.124276898801326752
0.044731754809617996
0.064764745533466339
0.158304214477539062
0.037311799824237823
-0.122932396829128265
-0.004098406992852688
-0.178604811429977417
-0.117712482810020447
-0.083778716623783112
0.044372092932462692
0.096107944846153259
0.109101675450801849
-0.002823326969519258
0.156616494059562683
-0.080074265599250793
0.135481402277946472
-0.024244422093033791
-0.090159811079502106
-0.109035432338714600
-0.268336892127990723
-0.195523694157600403
-0.037562210112810135
-0.184993535280227661
-0.138695031404495239
-0.036372922360897064
-0.181727200746536255
-0.184341400861740112
-0.195119470357894897
-0.068682007491588593
0.093237064778804779
-0.130819872021675110
0.023279415443539619
0.112622201442718506
-0.061051830649375916
-0.105121195316314697
0.006863480899482965
-0.104537174105644226
-0.110327035188674927
-0.120901934802532196
0.094383180141448975
0.135720863938331604
0.104784592986106873
-0.070163585245609283
0.138111606240272522
0.147034004330635071
-0.065415367484092712
-0.074001856148242950
0.056660391390323639
-0.029518153518438339
-0.000469538790639490
-0.019300082698464394
0.224644958972930908
-0.165083780884742737
-0.051069915294647217
-0.067833349108695984
-0.008443959057331085
0.009140796028077602
0.066931463778018951
-0.043097067624330521
-0.080426208674907684
0.044781927019357681
0.031128721311688423
-0.110563986003398895
0.088755428791046143
-0.026024030521512032
0.022796848788857460
0.077431216835975647
-0.017037449404597282
0.020831046625971794
-0.014849572442471981
-0.140778973698616028
0.018273521214723587
-0.146922111511230469
-0.015054522082209587
0.091141209006309509
0.079089798033237457
-0.172149330377578735
0.101603791117668152
-0.094483420252799988
-0.049223396927118301
-0.001209195004776120
-0.200384005904197693
-0.040432918816804886
-0.014501472003757954
-0.093605056405067444
-0.007858523167669773
