0.014764606021344662
0.026807785034179688
0.001975290244445205
0.035991918295621872
0.032207712531089783
-0.010048930533230305
0.057688299566507339
-0.017313290387392044
0.009809569455683231
-0.021289562806487083
-0.013764859177172184
-0.003820565761998296
0.015159104019403458
0.026056824252009392
-0.012056504376232624
-0.031667210161685944
-0.006911482661962509
0.021485267207026482
-0.006371588911861181
0.024178642779588699
-0.027084877714514732
-0.002162786200642586
0.011559062637388706
0.013943323865532875
0.033564031124114990
-0.007378350477665663
-0.040694188326597214
-0.007666216697543859
-0.025939047336578369
0.013094974681735039
0.042686317116022110
-0.040812253952026367
0.047133244574069977
-0.012477116659283638
-0.015853660181164742
0.018514348194003105
-0.007349786348640919
0.001743398606777191
-0.006708061322569847
-0.008232655934989452
-0.008759342133998871
-0.002746707294136286
0.012266703881323338
0.021739300340414047
-0.015688734129071236
0.018412379547953606
0.021429086104035378
0.009877490811049938
-0.019415732473134995
0.030419427901506424
0.007295449264347553
0.015085530467331409
0.001033360254950821
0.013804803602397442
0.041260473430156708
0.000480486545711756
0.025432752445340157
-0.012386217713356018
-0.009208174422383308
-0.042540788650512695
0.023676462471485138
0.031190760433673859
-0.008520964533090591
-0.021912246942520142
-0.014255507849156857
-0.006917150225490332
-0.010889177210628986
-0.035230357199907303
-0.005990181583911180
-0.027162708342075348
0.021134056150913239
0.026476973667740822
0.026921758428215981
0.010097710415720940
0.016720028594136238
0.046945217996835709
0.013304707594215870
0.013190915808081627
0.043829049915075302
0.028192747384309769
0.003182420972734690
0.012309766374528408
-0.036446351557970047
-0.038816779851913452
-0.011191273108124733
-0.013856963254511356
-0.006944952998310328
-0.003609954845160246
0.007108986377716064
-0.010941179469227791
0.013800049200654030
0.003471874399110675
-0.007496658712625504
-0.003025167388841510
0.005078291986137629
0.021436870098114014
-0.006024347618222237
0.011808848008513451
-0.004279283806681633
-0.032270632684230804
0.047405626624822617
-0.039346627891063690
0.019951250404119492
0.019271317869424820
-0.008391411975026131
-0.009421183727681637
-0.012351525947451591
-0.002669691573828459
0.001669224468059838
-0.002520586829632521
0.007834966294467449
0.010154379531741142
-0.004292610101401806
0.006593755912035704
0.019638333469629288
-0.004855745937675238
-0.033510521054267883
-0.010964915156364441
-0.005557665601372719
-0.022507598623633385
0.027044584974646568
0.018477512523531914
-0.033438451588153839
-0.009850921109318733
0.000680636148899794
-0.010033357888460159
0.001525399740785360
0.014109896495938301
