100%|¦¦¦¦¦¦¦¦¦¦| 5754/5754 [00:00<00:00, 666446.45it/s]Obtained all paths
PRINTING PURE RULES WITH SUPPORT MORE THAN 100 FOR EVERY LABEL:
Class: 1.0 , Rule:(neurons: [65, 22, 61, 92, 47, 64, 84, 15, 57, 96, 5, 44, 89, 118, 38, 54, 62, 17, 94, 122, 99] ,signature: [0, 1, 1, 1, 0, 1, 0, 1, 1, 1, 0, 0, 1, 0, 1, 0, 1, 0, 1, 1, 1] ),Support: 3125
Class: 1.0 , Rule:(neurons: [65, 22, 61, 92, 47, 64, 84, 15, 57, 96, 5, 44, 89, 118, 38, 54, 67, 31, 124, 43, 106] ,signature: [0, 1, 1, 1, 0, 1, 0, 1, 1, 1, 0, 0, 1, 0, 1, 1, 1, 1, 0, 0, 0] ),Support: 1210
Class: 1.0 , Rule:(neurons: [65, 22, 61, 92, 47, 64, 84, 15, 57, 96, 5, 44, 89, 118, 38, 54, 62, 17, 94, 122, 34, 14, 1] ,signature: [0, 1, 1, 1, 0, 1, 0, 1, 1, 1, 0, 0, 1, 0, 1, 0, 1, 0, 1, 0, 1, 0, 1] ),Support: 342
Class: 1.0 , Rule:(neurons: [65, 22, 61, 26, 67, 21] ,signature: [0, 1, 0, 0, 1, 0] ),Support: 211
Class: 1.0 , Rule:(neurons: [65, 22, 61, 92, 47, 108, 99, 121, 62, 7, 57, 118, 123, 33] ,signature: [0, 1, 1, 1, 1, 0, 1, 1, 1, 1, 1, 0, 1, 0] ),Support: 165
Class: 1.0 , Rule:(neurons: [65, 22, 61, 92, 47, 64, 84, 15, 57, 96, 5, 44, 94, 76, 17, 54, 122] ,signature: [0, 1, 1, 1, 0, 1, 0, 1, 1, 1, 0, 1, 1, 1, 0, 0, 1] ),Support: 155

Class: 1.0 , Rule:(neurons: [65, 22, 61, 92, 47, 64, 84, 15, 57, 96, 5, 44, 89, 118, 38, 54, 67, 31, 124, 43, 106, 4] ,signature: [0, 1, 1, 1, 0, 1, 0, 1, 1, 1, 0, 0, 1, 0, 1, 1, 1, 1, 0, 0, 1, 0] ),Support: 85
Class: 1.0 , Rule:(neurons: [65, 91, 82, 63, 28, 61, 73] ,signature: [1, 1, 1, 0, 1, 1, 0] ),Support: 77
Class: 1.0 , Rule:(neurons: [65, 22, 61, 92, 47, 64, 84, 15, 57, 96, 5, 44, 89, 118, 38, 54, 67, 31, 124, 43, 3] ,signature: [0, 1, 1, 1, 0, 1, 0, 1, 1, 1, 0, 0, 1, 0, 1, 1, 1, 1, 0, 1, 0] ),Support: 76
Class: 1.0 , Rule:(neurons: [65, 22, 28, 17, 14, 29, 10, 84, 76, 94, 123, 88, 21, 61] ,signature: [0, 0, 0, 1, 1, 1, 1, 0, 0, 0, 0, 1, 0, 0] ),Support: 69
Class: 1.0 , Rule:(neurons: [65, 22, 61, 92, 47, 64, 84, 15, 57, 96, 5, 44, 89, 118, 38, 54, 62, 17, 94, 122, 99, 51] ,signature: [0, 1, 1, 1, 0, 1, 0, 1, 1, 1, 0, 0, 1, 0, 1, 0, 1, 0, 1, 1, 0, 1] ),Support: 64
Class: 1.0 , Rule:(neurons: [65, 22, 61, 92, 47, 64, 84, 15, 57, 96, 5, 44, 89, 118, 38, 54, 62, 17, 11] ,signature: [0, 1, 1, 1, 0, 1, 0, 1, 1, 1, 0, 0, 1, 0, 1, 0, 1, 1, 0] ),Support: 62
Class: 1.0 , Rule:(neurons: [65, 22, 61, 92, 47, 64, 84, 15, 57, 96, 5, 44, 89, 118, 38, 54, 67, 101, 76, 94, 17, 40, 2, 25, 4] ,signature: [0, 1, 1, 1, 0, 1, 0, 1, 1, 1, 0, 0, 1, 0, 1, 1, 0, 1, 1, 1, 0, 1, 1, 1, 0] ),Support: 58
Class: 1.0 , Rule:(neurons: [65, 22, 61, 92, 47, 64, 84, 15, 57, 96, 5, 44, 89, 118, 38, 54, 67, 101, 76, 94, 17, 40, 2, 25, 69, 19, 9] ,signature: [0, 1, 1, 1, 0, 1, 0, 1, 1, 1, 0, 0, 1, 0, 1, 1, 0, 1, 1, 1, 0, 1, 1, 0, 1, 0, 0] ),Support: 53
Class: 1.0 , Rule:(neurons: [65, 22, 61, 92, 47, 64, 84, 15, 57, 96, 5, 44, 89, 118, 38, 54, 62, 17, 94, 122, 34, 14, 1, 19] ,signature: [0, 1, 1, 1, 0, 1, 0, 1, 1, 1, 0, 0, 1, 0, 1, 0, 1, 0, 1, 0, 1, 0, 0, 0] ),Support: 41
Class: 1.0 , Rule:(neurons: [65, 22, 61, 92, 47, 64, 84, 19, 122] ,signature: [0, 1, 1, 1, 0, 1, 1, 0, 1] ),Support: 41
Class: 1.0 , Rule:(neurons: [65, 22, 61, 92, 47, 64, 84, 15, 57, 96, 5, 44, 89, 118, 38, 17, 101, 54] ,signature: [0, 1, 1, 1, 0, 1, 0, 1, 1, 1, 0, 0, 1, 0, 0, 0, 1, 0] ),Support: 40
Class: 1.0 , Rule:(neurons: [65, 22, 61, 26, 94, 1, 118, 57, 96, 64, 121, 108, 66] ,signature: [0, 1, 0, 1, 1, 1, 0, 1, 1, 1, 1, 0, 1] ),Support: 36
Class: 1.0 , Rule:(neurons: [65, 22, 61, 92, 47, 64, 84, 15, 57, 96, 5, 44, 89, 118, 38, 54, 67, 101, 76, 94, 17, 40, 2, 25, 4, 106, 51] ,signature: [0, 1, 1, 1, 0, 1, 0, 1, 1, 1, 0, 0, 1, 0, 1, 1, 0, 1, 1, 1, 0, 1, 1, 1, 1, 0, 0] ),Support: 35
Class: 1.0 , Rule:(neurons: [65, 22, 61, 92, 47, 64, 84, 15, 57, 96, 5, 44, 89, 118, 38, 54, 62, 17, 94, 9] ,signature: [0, 1, 1, 1, 0, 1, 0, 1, 1, 1, 0, 0, 1, 0, 1, 0, 1, 0, 0, 0] ),Support: 33
Class: 1.0 , Rule:(neurons: [65, 22, 61, 26, 94, 25, 14, 66] ,signature: [0, 1, 0, 1, 0, 1, 1, 1] ),Support: 31
Class: 1.0 , Rule:(neurons: [65, 22, 61, 92, 47, 64, 84, 15, 57, 96, 5, 44, 89, 118, 25, 18, 29] ,signature: [0, 1, 1, 1, 0, 1, 0, 1, 1, 1, 0, 0, 1, 1, 1, 1, 0] ),Support: 30
Class: 1.0 , Rule:(neurons: [65, 22, 61, 92, 47, 64, 84, 15, 57, 96, 5, 44, 89, 118, 38, 54, 67, 31, 124, 43, 106, 4, 25] ,signature: [0, 1, 1, 1, 0, 1, 0, 1, 1, 1, 0, 0, 1, 0, 1, 1, 1, 1, 0, 0, 1, 1, 1] ),Support: 25
Class: 1.0 , Rule:(neurons: [65, 22, 61, 92, 47, 108, 8, 28, 55, 38, 19] ,signature: [0, 1, 1, 1, 1, 1, 0, 1, 1, 1, 0] ),Support: 22
Class: 1.0 , Rule:(neurons: [65, 22, 61, 92, 10, 47, 44, 89, 106, 101, 20] ,signature: [0, 1, 1, 0, 1, 0, 0, 1, 0, 1, 1] ),Support: 21
Class: 1.0 , Rule:(neurons: [65, 22, 61, 92, 47, 108, 8, 39, 86, 91] ,signature: [0, 1, 1, 1, 1, 1, 1, 0, 1, 0] ),Support: 18
Class: 1.0 , Rule:(neurons: [65, 22, 61, 26, 94, 1, 118, 108, 25, 0, 88, 5, 86] ,signature: [0, 1, 0, 1, 1, 0, 0, 1, 1, 0, 1, 0, 1] ),Support: 17
Class: 1.0 , Rule:(neurons: [65, 22, 61, 92, 47, 108, 99, 121, 62, 7, 57, 118, 123, 33, 52] ,signature: [0, 1, 1, 1, 1, 0, 1, 1, 1, 1, 1, 0, 1, 1, 1] ),Support: 16
Class: 1.0 , Rule:(neurons: [65, 22, 61, 92, 47, 64, 84, 15, 57, 96, 5, 44, 94, 76, 17, 54, 2] ,signature: [0, 1, 1, 1, 0, 1, 0, 1, 1, 1, 0, 1, 1, 1, 0, 1, 1] ),Support: 14
Class: 1.0 , Rule:(neurons: [65, 22, 61, 92, 10, 47, 39, 26, 34] ,signature: [0, 1, 1, 0, 1, 1, 0, 1, 1] ),Support: 13
Class: 1.0 , Rule:(neurons: [65, 22, 61, 92, 47, 64, 84, 15, 57, 96, 5, 44, 94, 76, 17, 54, 122, 69] ,signature: [0, 1, 1, 1, 0, 1, 0, 1, 1, 1, 0, 1, 1, 1, 0, 0, 0, 0] ),Support: 13
Class: 1.0 , Rule:(neurons: [65, 22, 61, 92, 47, 64, 84, 15, 57, 96, 5, 44, 89, 118, 38, 17, 101, 54, 98, 91] ,signature: [0, 1, 1, 1, 0, 1, 0, 1, 1, 1, 0, 0, 1, 0, 0, 0, 1, 1, 1, 0] ),Support: 12
Class: 1.0 , Rule:(neurons: [65, 22, 61, 26, 94, 1, 118, 108, 91, 38, 66, 40, 55, 2] ,signature: [0, 1, 0, 1, 1, 0, 0, 0, 1, 0, 1, 1, 1, 1] ),Support: 11
Class: 1.0 , Rule:(neurons: [65, 22, 61, 26, 94, 1, 118, 57, 96, 64, 121, 108, 69, 24, 54] ,signature: [0, 1, 0, 1, 1, 1, 0, 1, 1, 1, 1, 1, 0, 1, 1] ),Support: 11
Class: 1.0 , Rule:(neurons: [65, 22, 61, 92, 47, 108, 99, 121, 62, 7, 57, 118, 123, 122] ,signature: [0, 1, 1, 1, 1, 0, 1, 1, 1, 1, 1, 0, 0, 1] ),Support: 11
Class: 1.0 , Rule:(neurons: [65, 22, 28, 17, 14, 29, 10, 84, 76, 94, 26, 93] ,signature: [0, 0, 0, 1, 1, 1, 1, 0, 0, 1, 0, 0] ),Support: 10
Class: 1.0 , Rule:(neurons: [65, 22, 61, 26, 94, 1, 118, 108, 91, 123, 49, 25] ,signature: [0, 1, 0, 1, 1, 0, 0, 0, 0, 0, 0, 1] ),Support: 10
Class: 1.0 , Rule:(neurons: [65, 22, 28, 19, 68, 116, 45, 77, 39, 34, 101, 31, 17] ,signature: [0, 0, 1, 0, 0, 0, 0, 0, 0, 1, 1, 0, 1] ),Support: 9
Class: 1.0 , Rule:(neurons: [65, 22, 28, 17, 14, 29, 10, 84, 98, 77, 0, 45, 61] ,signature: [0, 0, 0, 1, 1, 1, 1, 1, 1, 0, 0, 1, 0] ),Support: 8
Class: 1.0 , Rule:(neurons: [65, 22, 61, 92, 47, 64, 84, 15, 57, 96, 5, 44, 89, 118, 38, 54, 67, 31, 124, 43, 3, 102] ,signature: [0, 1, 1, 1, 0, 1, 0, 1, 1, 1, 0, 0, 1, 0, 1, 1, 1, 1, 0, 1, 1, 1] ),Support: 8
Class: 1.0 , Rule:(neurons: [65, 22, 61, 92, 47, 108, 8, 39, 11, 28, 25, 17, 49, 33] ,signature: [0, 1, 1, 1, 1, 1, 1, 1, 1, 1, 1, 0, 1, 0] ),Support: 8
Class: 1.0 , Rule:(neurons: [65, 22, 28, 17, 14, 48, 113, 19, 76, 127, 104, 0, 21, 73, 122] ,signature: [0, 0, 0, 1, 0, 0, 1, 0, 0, 1, 0, 0, 0, 1, 1] ),Support: 7
Class: 1.0 , Rule:(neurons: [65, 22, 61, 92, 47, 64, 84, 15, 57, 96, 5, 44, 89, 118, 38, 54, 62, 51] ,signature: [0, 1, 1, 1, 0, 1, 0, 1, 1, 1, 0, 0, 1, 0, 1, 0, 0, 0] ),Support: 6
Class: 1.0 , Rule:(neurons: [65, 22, 61, 92, 47, 64, 84, 15, 57, 96, 5, 44, 89, 118, 38, 54, 62, 17, 94, 122, 34, 51] ,signature: [0, 1, 1, 1, 0, 1, 0, 1, 1, 1, 0, 0, 1, 0, 1, 0, 1, 0, 1, 0, 0, 0] ),Support: 6
Class: 1.0 , Rule:(neurons: [65, 22, 61, 92, 47, 64, 84, 15, 57, 96, 5, 44, 89, 118, 38, 54, 62, 17, 94, 122, 34, 14, 19] ,signature: [0, 1, 1, 1, 0, 1, 0, 1, 1, 1, 0, 0, 1, 0, 1, 0, 1, 0, 1, 0, 1, 1, 0] ),Support: 6
Class: 1.0 , Rule:(neurons: [65, 22, 61, 92, 47, 64, 84, 15, 57, 96, 5, 44, 89, 118, 38, 54, 67, 101, 76, 94, 17, 40, 2, 25, 69, 63, 99] ,signature: [0, 1, 1, 1, 0, 1, 0, 1, 1, 1, 0, 0, 1, 0, 1, 1, 0, 1, 1, 1, 0, 1, 1, 0, 0, 0, 1] ),Support: 6
Class: 1.0 , Rule:(neurons: [65, 22, 61, 92, 47, 108, 8, 39, 11, 43, 25] ,signature: [0, 1, 1, 1, 1, 1, 1, 1, 0, 0, 1] ),Support: 6
Class: 1.0 , Rule:(neurons: [65, 22, 28, 17, 14, 29, 10, 84, 76, 94, 26, 93, 118, 98, 96, 34] ,signature: [0, 0, 0, 1, 1, 1, 1, 0, 0, 1, 0, 1, 0, 1, 1, 0] ),Support: 5
Class: 1.0 , Rule:(neurons: [65, 22, 61, 26, 94, 25, 34, 118, 0, 101, 20, 55, 33] ,signature: [0, 1, 0, 1, 0, 0, 1, 0, 1, 1, 0, 1, 0] ),Support: 5
Class: 1.0 , Rule:(neurons: [65, 22, 61, 26, 94, 25, 14, 44, 98] ,signature: [0, 1, 0, 1, 0, 1, 0, 0, 1] ),Support: 5
Class: 1.0 , Rule:(neurons: [65, 22, 61, 26, 94, 1, 118, 108, 25, 16, 121, 68, 40, 114, 127] ,signature: [0, 1, 0, 1, 1, 0, 0, 1, 0, 0, 1, 0, 1, 1, 1] ),Support: 5
Class: 1.0 , Rule:(neurons: [65, 22, 61, 26, 94, 1, 118, 91, 2] ,signature: [0, 1, 0, 1, 1, 1, 1, 1, 1] ),Support: 5
Class: 1.0 , Rule:(neurons: [65, 22, 61, 92, 47, 64, 84, 15, 57, 96, 5, 44, 89, 118, 38, 54, 67, 101, 76, 94, 17, 40, 2, 25, 4, 106, 51, 102] ,signature: [0, 1, 1, 1, 0, 1, 0, 1, 1, 1, 0, 0, 1, 0, 1, 1, 0, 1, 1, 1, 0, 1, 1, 1, 1, 0, 1, 1] ),Support: 5
Class: 1.0 , Rule:(neurons: [65, 22, 61, 92, 47, 64, 84, 15, 57, 96, 5, 44, 89, 118, 38, 54, 67, 31, 124, 110] ,signature: [0, 1, 1, 1, 0, 1, 0, 1, 1, 1, 0, 0, 1, 0, 1, 1, 1, 1, 1, 1] ),Support: 5
Class: 1.0 , Rule:(neurons: [65, 22, 61, 92, 47, 64, 84, 15, 57, 96, 5, 44, 94, 76, 43] ,signature: [0, 1, 1, 1, 0, 1, 0, 1, 1, 1, 0, 1, 1, 0, 0] ),Support: 5
Class: 1.0 , Rule:(neurons: [65, 22, 61, 92, 47, 108, 99, 121, 62, 7, 57, 118, 40] ,signature: [0, 1, 1, 1, 1, 0, 1, 1, 1, 1, 1, 1, 1] ),Support: 5
Class: 1.0 , Rule:(neurons: [65, 22, 61, 92, 47, 108, 8, 28, 55, 100, 76] ,signature: [0, 1, 1, 1, 1, 1, 0, 1, 0, 1, 1] ),Support: 5
Class: 1.0 , Rule:(neurons: [65, 22, 28, 19, 68, 116, 8, 104, 43, 34, 66, 123] ,signature: [0, 0, 1, 0, 0, 1, 1, 0, 1, 1, 1, 1] ),Support: 4
Class: 1.0 , Rule:(neurons: [65, 22, 61, 92, 47, 64, 84, 15, 57, 96, 123] ,signature: [0, 1, 1, 1, 0, 1, 0, 1, 1, 0, 0] ),Support: 4
Class: 1.0 , Rule:(neurons: [65, 22, 61, 92, 47, 64, 84, 15, 57, 96, 5, 44, 89, 118, 38, 54, 62, 17, 94, 122, 34, 14, 1, 19, 102] ,signature: [0, 1, 1, 1, 0, 1, 0, 1, 1, 1, 0, 0, 1, 0, 1, 0, 1, 0, 1, 0, 1, 0, 0, 1, 0] ),Support: 4
Class: 1.0 , Rule:(neurons: [65, 22, 61, 92, 47, 64, 84, 15, 57, 96, 5, 44, 89, 118, 38, 54, 67, 101, 76, 94, 17, 40, 108, 45] ,signature: [0, 1, 1, 1, 0, 1, 0, 1, 1, 1, 0, 0, 1, 0, 1, 1, 0, 1, 1, 1, 0, 0, 0, 1] ),Support: 4
Class: 1.0 , Rule:(neurons: [65, 22, 61, 92, 47, 64, 84, 15, 57, 96, 5, 44, 89, 118, 38, 54, 67, 101, 76, 94, 17, 40, 2, 25, 4, 106, 68] ,signature: [0, 1, 1, 1, 0, 1, 0, 1, 1, 1, 0, 0, 1, 0, 1, 1, 0, 1, 1, 1, 0, 1, 1, 1, 1, 1, 0] ),Support: 4
Class: 1.0 , Rule:(neurons: [65, 22, 61, 92, 47, 64, 84, 15, 57, 96, 5, 44, 89, 118, 38, 54, 67, 31, 124, 43, 106, 4, 25, 8] ,signature: [0, 1, 1, 1, 0, 1, 0, 1, 1, 1, 0, 0, 1, 0, 1, 1, 1, 1, 0, 0, 1, 1, 0, 0] ),Support: 4
Class: 1.0 , Rule:(neurons: [65, 22, 61, 92, 47, 108, 8, 28, 55, 38, 19, 1] ,signature: [0, 1, 1, 1, 1, 1, 0, 1, 1, 1, 1, 0] ),Support: 4
Class: 1.0 , Rule:(neurons: [65, 91, 82, 63, 127, 25, 1, 97, 13, 5] ,signature: [1, 1, 1, 1, 1, 1, 1, 0, 1, 0] ),Support: 4
Class: 1.0 , Rule:(neurons: [65, 22, 28, 17, 96, 118, 0, 82, 77, 110, 29, 117, 123, 38] ,signature: [0, 0, 0, 0, 1, 0, 0, 1, 0, 1, 1, 1, 0, 1] ),Support: 3
Class: 1.0 , Rule:(neurons: [65, 22, 28, 17, 14, 48, 113, 77, 79, 122, 43, 11, 67, 63] ,signature: [0, 0, 0, 1, 0, 0, 0, 0, 0, 1, 0, 0, 1, 0] ),Support: 3
Class: 1.0 , Rule:(neurons: [65, 22, 61, 26, 94, 1, 118, 57, 74, 8, 93, 25, 108, 3] ,signature: [0, 1, 0, 1, 1, 0, 1, 1, 1, 1, 0, 1, 0, 0] ),Support: 3
Class: 1.0 , Rule:(neurons: [65, 22, 61, 26, 94, 1, 118, 57, 96, 64, 121, 108, 66, 68] ,signature: [0, 1, 0, 1, 1, 1, 0, 1, 1, 1, 1, 0, 0, 1] ),Support: 3
Class: 1.0 , Rule:(neurons: [65, 22, 61, 92, 47, 64, 84, 15, 57, 96, 5, 44, 89, 118, 38, 54, 62, 17, 94, 122, 99, 51, 33] ,signature: [0, 1, 1, 1, 0, 1, 0, 1, 1, 1, 0, 0, 1, 0, 1, 0, 1, 0, 1, 1, 0, 0, 0] ),Support: 3
Class: 1.0 , Rule:(neurons: [65, 22, 61, 92, 47, 64, 84, 15, 57, 96, 5, 44, 89, 118, 38, 54, 62, 17, 11, 63] ,signature: [0, 1, 1, 1, 0, 1, 0, 1, 1, 1, 0, 0, 1, 0, 1, 0, 1, 1, 1, 0] ),Support: 3
Class: 1.0 , Rule:(neurons: [65, 22, 61, 92, 47, 64, 84, 15, 57, 96, 5, 44, 89, 118, 38, 54, 67, 101, 76, 94, 17, 40, 2, 25, 69, 19, 9, 39] ,signature: [0, 1, 1, 1, 0, 1, 0, 1, 1, 1, 0, 0, 1, 0, 1, 1, 0, 1, 1, 1, 0, 1, 1, 0, 1, 0, 1, 0] ),Support: 3
Class: 1.0 , Rule:(neurons: [65, 22, 61, 92, 47, 64, 84, 15, 57, 96, 5, 44, 89, 118, 38, 54, 67, 101, 76, 94, 17, 34] ,signature: [0, 1, 1, 1, 0, 1, 0, 1, 1, 1, 0, 0, 1, 0, 1, 1, 0, 1, 1, 1, 1, 1] ),Support: 3
Class: 1.0 , Rule:(neurons: [65, 22, 61, 92, 47, 64, 84, 15, 57, 96, 5, 44, 89, 118, 38, 54, 67, 31, 124, 43, 3, 102, 94] ,signature: [0, 1, 1, 1, 0, 1, 0, 1, 1, 1, 0, 0, 1, 0, 1, 1, 1, 1, 0, 1, 1, 0, 0] ),Support: 3
Class: 1.0 , Rule:(neurons: [65, 22, 61, 92, 47, 64, 84, 19, 45, 68, 42] ,signature: [0, 1, 1, 1, 0, 1, 1, 1, 1, 0, 0] ),Support: 3
Class: 1.0 , Rule:(neurons: [65, 22, 61, 92, 47, 108, 99, 27, 121] ,signature: [0, 1, 1, 1, 1, 0, 0, 0, 1] ),Support: 3
Class: 1.0 , Rule:(neurons: [65, 22, 61, 92, 47, 108, 99, 121, 91, 18] ,signature: [0, 1, 1, 1, 1, 0, 1, 0, 1, 0] ),Support: 3
Class: 1.0 , Rule:(neurons: [65, 91, 62, 4, 25, 97, 71, 48, 19, 89, 43] ,signature: [1, 0, 0, 1, 1, 0, 1, 0, 0, 1, 0] ),Support: 3
Class: 1.0 , Rule:(neurons: [65, 91, 62, 4, 25, 97, 71, 48, 21, 44, 47, 122, 73] ,signature: [1, 0, 0, 1, 1, 0, 1, 1, 0, 0, 0, 1, 1] ),Support: 3
Class: 1.0 , Rule:(neurons: [65, 91, 62, 25, 19, 79, 1, 115, 116, 2, 27, 38] ,signature: [1, 0, 1, 1, 0, 0, 1, 1, 0, 1, 0, 1] ),Support: 3
Class: 1.0 , Rule:(neurons: [65, 91, 62, 25, 19, 79, 21, 4, 66, 118, 106] ,signature: [1, 0, 1, 1, 0, 1, 0, 1, 1, 0, 0] ),Support: 3
Class: 1.0 , Rule:(neurons: [65, 91, 62, 25, 19, 73, 4, 98, 106] ,signature: [1, 0, 1, 1, 1, 1, 1, 1, 0] ),Support: 3
Class: 1.0 , Rule:(neurons: [65, 22, 28, 17, 96, 118, 0, 82, 77, 62, 57, 124, 88, 92, 16, 114] ,signature: [0, 0, 0, 0, 1, 0, 0, 1, 1, 0, 1, 0, 1, 1, 1, 1] ),Support: 2
Class: 1.0 , Rule:(neurons: [65, 22, 28, 17, 96, 118, 0, 14, 62, 94, 122, 21, 47, 9] ,signature: [0, 0, 0, 0, 1, 0, 1, 0, 1, 0, 1, 1, 0, 1] ),Support: 2
Class: 1.0 , Rule:(neurons: [65, 22, 28, 17, 14, 48, 113, 77, 27, 104, 0, 119, 83, 121, 63] ,signature: [0, 0, 0, 1, 0, 0, 0, 1, 1, 0, 0, 1, 1, 1, 0] ),Support: 2
Class: 1.0 , Rule:(neurons: [65, 22, 28, 17, 14, 29, 10, 106, 5, 64, 93, 18] ,signature: [0, 0, 0, 1, 1, 1, 0, 0, 0, 1, 0, 0] ),Support: 2
Class: 1.0 , Rule:(neurons: [65, 22, 28, 19, 68, 116, 45, 77, 39, 34, 101, 31, 17, 92] ,signature: [0, 0, 1, 0, 0, 0, 0, 0, 0, 1, 1, 0, 0, 1] ),Support: 2
Class: 1.0 , Rule:(neurons: [65, 22, 28, 19, 68, 116, 8, 96, 14, 39] ,signature: [0, 0, 1, 0, 0, 1, 0, 1, 1, 0] ),Support: 2
Class: 1.0 , Rule:(neurons: [65, 22, 28, 19, 68, 29, 66, 91, 52, 104, 21] ,signature: [0, 0, 1, 0, 1, 0, 1, 1, 0, 0, 1] ),Support: 2
Class: 1.0 , Rule:(neurons: [65, 22, 61, 26, 67, 68, 28, 45, 17] ,signature: [0, 1, 0, 0, 0, 0, 1, 0, 1] ),Support: 2
Class: 1.0 , Rule:(neurons: [65, 22, 61, 26, 94, 1, 118, 108, 91, 123, 49, 25, 14] ,signature: [0, 1, 0, 1, 1, 0, 0, 0, 0, 0, 0, 0, 0] ),Support: 2
Class: 1.0 , Rule:(neurons: [65, 22, 61, 26, 94, 1, 118, 108, 91, 123, 52, 4, 15, 34, 51] ,signature: [0, 1, 0, 1, 1, 0, 0, 0, 0, 1, 1, 0, 1, 1, 1] ),Support: 2
Class: 1.0 , Rule:(neurons: [65, 22, 61, 26, 94, 1, 118, 108, 91, 38, 68, 54] ,signature: [0, 1, 0, 1, 1, 0, 0, 0, 1, 1, 1, 0] ),Support: 2
Class: 1.0 , Rule:(neurons: [65, 22, 61, 26, 94, 1, 118, 108, 25, 16, 121, 68, 40, 80, 63, 0] ,signature: [0, 1, 0, 1, 1, 0, 0, 1, 0, 0, 1, 0, 0, 0, 0, 0] ),Support: 2
Class: 1.0 , Rule:(neurons: [65, 22, 61, 26, 94, 1, 118, 108, 25, 0, 88, 5, 86, 4] ,signature: [0, 1, 0, 1, 1, 0, 0, 1, 1, 0, 1, 0, 0, 1] ),Support: 2
Class: 1.0 , Rule:(neurons: [65, 22, 61, 26, 94, 1, 118, 57, 96, 64, 121, 108, 69, 24, 54, 106] ,signature: [0, 1, 0, 1, 1, 1, 0, 1, 1, 1, 1, 1, 0, 1, 0, 1] ),Support: 2
Class: 1.0 , Rule:(neurons: [65, 22, 61, 92, 10, 47, 44, 89, 106, 17, 4] ,signature: [0, 1, 1, 0, 1, 0, 0, 1, 1, 1, 0] ),Support: 2
Class: 1.0 , Rule:(neurons: [65, 22, 61, 92, 10, 47, 39, 26, 34, 17] ,signature: [0, 1, 1, 0, 1, 1, 0, 1, 0, 0] ),Support: 2
Class: 1.0 , Rule:(neurons: [65, 22, 61, 92, 10, 47, 39, 63, 94, 110] ,signature: [0, 1, 1, 0, 1, 1, 1, 0, 1, 1] ),Support: 2
Class: 1.0 , Rule:(neurons: [65, 22, 61, 92, 10, 47, 39, 63, 105, 43, 93, 126, 94] ,signature: [0, 1, 1, 0, 1, 1, 1, 1, 1, 1, 0, 1, 1] ),Support: 2
Class: 1.0 , Rule:(neurons: [65, 22, 61, 92, 47, 64, 69, 36, 1] ,signature: [0, 1, 1, 1, 0, 0, 0, 1, 1] ),Support: 2
Class: 1.0 , Rule:(neurons: [65, 22, 61, 92, 47, 64, 84, 15, 57, 96, 5, 44, 89, 118, 38, 17, 101, 54, 98, 91, 14] ,signature: [0, 1, 1, 1, 0, 1, 0, 1, 1, 1, 0, 0, 1, 0, 0, 0, 1, 1, 1, 1, 0] ),Support: 2
Class: 1.0 , Rule:(neurons: [65, 22, 61, 92, 47, 64, 84, 15, 57, 96, 5, 44, 89, 118, 38, 54, 67, 101, 76, 94, 51] ,signature: [0, 1, 1, 1, 0, 1, 0, 1, 1, 1, 0, 0, 1, 0, 1, 1, 0, 1, 1, 0, 1] ),Support: 2
Class: 1.0 , Rule:(neurons: [65, 22, 61, 92, 47, 64, 84, 15, 57, 96, 5, 44, 89, 118, 38, 54, 67, 101, 76, 94, 17, 40, 2, 8] ,signature: [0, 1, 1, 1, 0, 1, 0, 1, 1, 1, 0, 0, 1, 0, 1, 1, 0, 1, 1, 1, 0, 1, 0, 0] ),Support: 2
Class: 1.0 , Rule:(neurons: [65, 22, 61, 92, 47, 64, 84, 15, 57, 96, 5, 44, 89, 118, 38, 54, 67, 101, 76, 94, 17, 40, 2, 25, 4, 106, 51, 102, 63] ,signature: [0, 1, 1, 1, 0, 1, 0, 1, 1, 1, 0, 0, 1, 0, 1, 1, 0, 1, 1, 1, 0, 1, 1, 1, 1, 0, 1, 0, 0] ),Support: 2
Class: 1.0 , Rule:(neurons: [65, 22, 61, 92, 47, 64, 84, 15, 57, 96, 5, 44, 89, 118, 38, 54, 67, 101, 76, 94, 17, 40, 2, 25, 4, 106, 68, 114] ,signature: [0, 1, 1, 1, 0, 1, 0, 1, 1, 1, 0, 0, 1, 0, 1, 1, 0, 1, 1, 1, 0, 1, 1, 1, 1, 1, 1, 0] ),Support: 2
Class: 1.0 , Rule:(neurons: [65, 22, 61, 92, 47, 64, 84, 15, 57, 96, 5, 44, 89, 118, 25, 18, 29, 98] ,signature: [0, 1, 1, 1, 0, 1, 0, 1, 1, 1, 0, 0, 1, 1, 1, 1, 1, 1] ),Support: 2
Class: 1.0 , Rule:(neurons: [65, 22, 61, 92, 47, 64, 84, 15, 57, 96, 5, 44, 94, 4, 114] ,signature: [0, 1, 1, 1, 0, 1, 0, 1, 1, 1, 0, 1, 0, 0, 1] ),Support: 2
Class: 1.0 , Rule:(neurons: [65, 22, 61, 92, 47, 64, 84, 15, 57, 96, 5, 44, 94, 76, 17, 54, 2, 71, 80] ,signature: [0, 1, 1, 1, 0, 1, 0, 1, 1, 1, 0, 1, 1, 1, 0, 1, 0, 1, 0] ),Support: 2
Class: 1.0 , Rule:(neurons: [65, 22, 61, 92, 47, 108, 99, 121, 62, 7, 57, 118, 123, 33, 52, 19] ,signature: [0, 1, 1, 1, 1, 0, 1, 1, 1, 1, 1, 0, 1, 1, 0, 0] ),Support: 2
Class: 1.0 , Rule:(neurons: [65, 22, 61, 92, 47, 108, 8, 28, 73, 3] ,signature: [0, 1, 1, 1, 1, 1, 0, 0, 1, 1] ),Support: 2
Class: 1.0 , Rule:(neurons: [65, 22, 61, 92, 47, 108, 8, 39, 11, 43, 54, 118, 1] ,signature: [0, 1, 1, 1, 1, 1, 1, 1, 0, 1, 0, 0, 1] ),Support: 2
Class: 1.0 , Rule:(neurons: [65, 91, 62, 4, 106, 1, 49, 20, 94, 0, 80, 86, 28] ,signature: [1, 0, 0, 0, 1, 0, 1, 1, 0, 0, 1, 1, 1] ),Support: 2
Class: 1.0 , Rule:(neurons: [65, 91, 82, 63, 28, 61, 62, 17, 22, 48, 47, 30, 114, 24] ,signature: [1, 1, 1, 0, 1, 0, 1, 0, 1, 0, 0, 1, 0, 1] ),Support: 2
Class: 1.0 , Rule:(neurons: [65, 91, 82, 63, 28, 61, 73, 43, 114, 76, 68] ,signature: [1, 1, 1, 0, 1, 1, 1, 1, 1, 1, 0] ),Support: 2
Class: 1.0 , Rule:(neurons: [65, 22, 28, 17, 96, 62, 45, 0, 76, 29, 108, 122, 67] ,signature: [0, 0, 0, 0, 0, 0, 1, 0, 0, 1, 0, 1, 1] ),Support: 1
Class: 1.0 , Rule:(neurons: [65, 22, 28, 17, 96, 62, 74, 122, 108, 127, 99, 88] ,signature: [0, 0, 0, 0, 0, 1, 1, 1, 1, 0, 1, 1] ),Support: 1
Class: 1.0 , Rule:(neurons: [65, 22, 28, 17, 96, 118, 0, 14, 63, 119, 9, 31, 3, 80, 40, 27] ,signature: [0, 0, 0, 0, 1, 0, 1, 1, 0, 0, 0, 0, 0, 1, 0, 1] ),Support: 1
Class: 1.0 , Rule:(neurons: [65, 22, 28, 17, 96, 118, 0, 14, 63, 10, 45, 49, 13, 27, 99, 43, 39] ,signature: [0, 0, 0, 0, 1, 0, 1, 1, 1, 1, 0, 1, 0, 1, 1, 1, 0] ),Support: 1
Class: 1.0 , Rule:(neurons: [65, 22, 28, 17, 14, 48, 113, 19, 76, 127, 97, 108, 118, 4, 110, 73] ,signature: [0, 0, 0, 1, 0, 0, 1, 0, 0, 0, 0, 0, 0, 1, 0, 1] ),Support: 1
Class: 1.0 , Rule:(neurons: [65, 22, 28, 17, 14, 48, 113, 19, 76, 127, 97, 108, 91, 89, 51, 30, 115, 68, 38] ,signature: [0, 0, 0, 1, 0, 0, 1, 0, 0, 0, 0, 1, 0, 1, 1, 1, 1, 1, 1] ),Support: 1
Class: 1.0 , Rule:(neurons: [65, 22, 28, 17, 14, 48, 113, 19, 76, 52, 122, 79, 57, 104, 31, 10, 20, 3] ,signature: [0, 0, 0, 1, 0, 0, 1, 0, 1, 0, 0, 0, 1, 0, 0, 1, 0, 0] ),Support: 1
Class: 1.0 , Rule:(neurons: [65, 22, 28, 17, 14, 48, 113, 19, 76, 52, 122, 39, 93, 101] ,signature: [0, 0, 0, 1, 0, 0, 1, 0, 1, 0, 1, 0, 0, 1] ),Support: 1
Class: 1.0 , Rule:(neurons: [65, 22, 28, 17, 14, 48, 113, 19, 76, 52, 122, 39, 9, 31, 127, 4, 73] ,signature: [0, 0, 0, 1, 0, 0, 1, 0, 1, 0, 1, 1, 0, 0, 0, 0, 1] ),Support: 1
Class: 1.0 , Rule:(neurons: [65, 22, 28, 17, 14, 48, 113, 19, 76, 52, 62, 51, 38, 0, 106, 31] ,signature: [0, 0, 0, 1, 0, 0, 1, 0, 1, 1, 0, 1, 1, 0, 0, 0] ),Support: 1
Class: 1.0 , Rule:(neurons: [65, 22, 28, 17, 14, 48, 113, 19, 76, 52, 62, 27, 0, 43, 49] ,signature: [0, 0, 0, 1, 0, 0, 1, 0, 1, 1, 1, 1, 0, 0, 0] ),Support: 1
Class: 1.0 , Rule:(neurons: [65, 22, 28, 17, 14, 48, 113, 19, 105, 61, 26, 4, 83, 37] ,signature: [0, 0, 0, 1, 0, 0, 1, 1, 1, 1, 1, 0, 0, 0] ),Support: 1
Class: 1.0 , Rule:(neurons: [65, 22, 28, 17, 14, 29, 10, 84, 76, 94, 26, 104, 102, 42, 25, 8] ,signature: [0, 0, 0, 1, 1, 1, 1, 0, 0, 1, 1, 0, 0, 1, 1, 0] ),Support: 1
Class: 1.0 , Rule:(neurons: [65, 22, 28, 17, 14, 29, 10, 84, 76, 94, 26, 104, 102, 42, 25, 8, 110, 43] ,signature: [0, 0, 0, 1, 1, 1, 1, 0, 0, 1, 1, 0, 0, 1, 1, 1, 0, 0] ),Support: 1
Class: 1.0 , Rule:(neurons: [65, 22, 28, 17, 14, 29, 10, 84, 76, 62, 94, 66, 0, 113] ,signature: [0, 0, 0, 1, 1, 1, 1, 0, 1, 1, 0, 1, 0, 0] ),Support: 1
Class: 1.0 , Rule:(neurons: [65, 22, 28, 17, 14, 29, 10, 84, 76, 62, 94, 98, 113, 110, 27] ,signature: [0, 0, 0, 1, 1, 1, 1, 0, 1, 1, 1, 1, 1, 0, 1] ),Support: 1
Class: 1.0 , Rule:(neurons: [65, 22, 28, 17, 14, 29, 10, 84, 98, 77, 0, 45, 61, 80] ,signature: [0, 0, 0, 1, 1, 1, 1, 1, 1, 0, 0, 1, 1, 1] ),Support: 1
Class: 1.0 , Rule:(neurons: [65, 22, 28, 19, 68, 116, 45, 2, 126, 34] ,signature: [0, 0, 1, 0, 0, 0, 1, 1, 0, 1] ),Support: 1
Class: 1.0 , Rule:(neurons: [65, 22, 28, 19, 68, 116, 8, 96, 14, 24, 44, 39] ,signature: [0, 0, 1, 0, 0, 1, 0, 1, 0, 1, 0, 0] ),Support: 1
Class: 1.0 , Rule:(neurons: [65, 22, 28, 19, 68, 116, 8, 104, 79, 24, 54, 122, 102, 51, 77, 33] ,signature: [0, 0, 1, 0, 0, 1, 1, 1, 0, 1, 1, 0, 1, 1, 0, 1] ),Support: 1
Class: 1.0 , Rule:(neurons: [65, 22, 28, 19, 68, 29, 66, 91, 25, 20, 49, 4, 114, 11, 31] ,signature: [0, 0, 1, 0, 1, 0, 1, 0, 0, 0, 1, 0, 1, 1, 0] ),Support: 1
Class: 1.0 , Rule:(neurons: [65, 22, 28, 19, 68, 29, 45, 57, 102, 86, 108, 3, 47] ,signature: [0, 0, 1, 0, 1, 1, 0, 0, 0, 1, 0, 1, 0] ),Support: 1
Class: 1.0 , Rule:(neurons: [65, 22, 28, 19, 62, 104, 99, 119, 86, 34] ,signature: [0, 0, 1, 1, 1, 0, 1, 0, 1, 1] ),Support: 1
Class: 1.0 , Rule:(neurons: [65, 22, 61, 26, 67, 68, 91, 94, 110, 29, 127] ,signature: [0, 1, 0, 0, 0, 1, 0, 0, 1, 0, 0] ),Support: 1
Class: 1.0 , Rule:(neurons: [65, 22, 61, 26, 67, 68, 91, 94, 63, 13, 110, 121, 1, 97] ,signature: [0, 1, 0, 0, 0, 1, 0, 1, 1, 1, 1, 1, 1, 0] ),Support: 1
Class: 1.0 , Rule:(neurons: [65, 22, 61, 26, 94, 25, 14, 44, 98, 40, 105, 0] ,signature: [0, 1, 0, 1, 0, 1, 0, 0, 0, 1, 0, 0] ),Support: 1
Class: 1.0 , Rule:(neurons: [65, 22, 61, 26, 94, 25, 14, 44, 80, 48, 114, 74] ,signature: [0, 1, 0, 1, 0, 1, 0, 1, 1, 0, 0, 0] ),Support: 1
Class: 1.0 , Rule:(neurons: [65, 22, 61, 26, 94, 25, 14, 44, 80, 48, 114, 2, 19] ,signature: [0, 1, 0, 1, 0, 1, 0, 1, 1, 0, 1, 1, 1] ),Support: 1
Class: 1.0 , Rule:(neurons: [65, 22, 61, 26, 94, 1, 118, 108, 91, 123, 52, 109, 62, 38, 92] ,signature: [0, 1, 0, 1, 1, 0, 0, 0, 0, 1, 0, 1, 0, 1, 1] ),Support: 1
Class: 1.0 , Rule:(neurons: [65, 22, 61, 26, 94, 1, 118, 108, 91, 123, 52, 4, 15, 34, 51, 114] ,signature: [0, 1, 0, 1, 1, 0, 0, 0, 0, 1, 1, 0, 1, 1, 0, 0] ),Support: 1
Class: 1.0 , Rule:(neurons: [65, 22, 61, 26, 94, 1, 118, 108, 91, 123, 52, 4, 121, 62] ,signature: [0, 1, 0, 1, 1, 0, 0, 0, 0, 1, 1, 1, 1, 0] ),Support: 1
Class: 1.0 , Rule:(neurons: [65, 22, 61, 26, 94, 1, 118, 108, 91, 38, 66, 40, 17, 37] ,signature: [0, 1, 0, 1, 1, 0, 0, 0, 1, 0, 1, 0, 1, 0] ),Support: 1
Class: 1.0 , Rule:(neurons: [65, 22, 61, 26, 94, 1, 118, 108, 25, 16, 121, 68, 24, 8, 29] ,signature: [0, 1, 0, 1, 1, 0, 0, 1, 0, 0, 1, 1, 1, 0, 1] ),Support: 1
Class: 1.0 , Rule:(neurons: [65, 22, 61, 26, 94, 1, 118, 108, 25, 16, 119, 11, 127, 57, 8, 24, 84, 78, 110] ,signature: [0, 1, 0, 1, 1, 0, 0, 1, 0, 1, 1, 0, 1, 1, 1, 1, 0, 0, 0] ),Support: 1
Class: 1.0 , Rule:(neurons: [65, 22, 61, 26, 94, 1, 118, 108, 25, 0, 88, 16, 28, 122, 73] ,signature: [0, 1, 0, 1, 1, 0, 0, 1, 1, 0, 0, 0, 1, 0, 0] ),Support: 1
Class: 1.0 , Rule:(neurons: [65, 22, 61, 26, 94, 1, 118, 108, 25, 0, 124, 99, 64, 20] ,signature: [0, 1, 0, 1, 1, 0, 0, 1, 1, 1, 1, 1, 1, 0] ),Support: 1
Class: 1.0 , Rule:(neurons: [65, 22, 61, 26, 94, 1, 118, 57, 74, 35, 97, 13, 64, 20] ,signature: [0, 1, 0, 1, 1, 0, 1, 1, 0, 1, 0, 1, 1, 0] ),Support: 1
Class: 1.0 , Rule:(neurons: [65, 22, 61, 26, 94, 1, 118, 57, 74, 8, 69, 52, 38, 3, 124, 25] ,signature: [0, 1, 0, 1, 1, 0, 1, 1, 1, 0, 1, 1, 1, 1, 0, 1] ),Support: 1
Class: 1.0 , Rule:(neurons: [65, 22, 61, 26, 94, 1, 118, 57, 74, 8, 69, 52, 38, 3, 124] ,signature: [0, 1, 0, 1, 1, 0, 1, 1, 1, 0, 1, 1, 1, 1, 1] ),Support: 1
Class: 1.0 , Rule:(neurons: [65, 22, 61, 26, 94, 1, 118, 57, 96, 64, 121, 108, 69, 24, 63] ,signature: [0, 1, 0, 1, 1, 1, 0, 1, 1, 1, 1, 1, 0, 0, 1] ),Support: 1
Class: 1.0 , Rule:(neurons: [65, 22, 61, 26, 94, 1, 118, 57, 96, 64, 121, 108, 69, 24, 54, 106, 93] ,signature: [0, 1, 0, 1, 1, 1, 0, 1, 1, 1, 1, 1, 0, 1, 0, 0, 1] ),Support: 1
Class: 1.0 , Rule:(neurons: [65, 22, 61, 26, 94, 1, 118, 91, 2, 86, 102, 76, 124] ,signature: [0, 1, 0, 1, 1, 1, 1, 1, 0, 1, 0, 1, 1] ),Support: 1
Class: 1.0 , Rule:(neurons: [65, 22, 61, 92, 10, 69, 85, 4, 62, 28, 3] ,signature: [0, 1, 1, 0, 0, 1, 1, 0, 1, 1, 0] ),Support: 1
Class: 1.0 , Rule:(neurons: [65, 22, 61, 92, 10, 47, 44, 89, 106, 101, 11, 52] ,signature: [0, 1, 1, 0, 1, 0, 0, 1, 0, 0, 0, 1] ),Support: 1
Class: 1.0 , Rule:(neurons: [65, 22, 61, 92, 10, 47, 44, 104, 106, 43] ,signature: [0, 1, 1, 0, 1, 0, 1, 0, 1, 0] ),Support: 1
Class: 1.0 , Rule:(neurons: [65, 22, 61, 92, 47, 64, 84, 15, 57, 96, 5, 44, 89, 19, 102] ,signature: [0, 1, 1, 1, 0, 1, 0, 1, 1, 1, 0, 0, 0, 1, 0] ),Support: 1
Class: 1.0 , Rule:(neurons: [65, 22, 61, 92, 47, 64, 84, 15, 57, 96, 5, 44, 89, 118, 38, 54, 62, 51, 0] ,signature: [0, 1, 1, 1, 0, 1, 0, 1, 1, 1, 0, 0, 1, 0, 1, 0, 0, 1, 1] ),Support: 1
Class: 1.0 , Rule:(neurons: [65, 22, 61, 92, 47, 64, 84, 15, 57, 96, 5, 44, 89, 118, 38, 54, 67, 101, 76, 94, 17, 40, 2, 25, 4, 106, 51, 102, 63, 28] ,signature: [0, 1, 1, 1, 0, 1, 0, 1, 1, 1, 0, 0, 1, 0, 1, 1, 0, 1, 1, 1, 0, 1, 1, 1, 1, 0, 1, 0, 1, 0] ),Support: 1
Class: 1.0 , Rule:(neurons: [65, 22, 61, 92, 47, 64, 84, 15, 57, 96, 5, 44, 89, 118, 38, 54, 67, 101, 76, 94, 17, 34, 40] ,signature: [0, 1, 1, 1, 0, 1, 0, 1, 1, 1, 0, 0, 1, 0, 1, 1, 0, 1, 1, 1, 1, 0, 0] ),Support: 1
Class: 1.0 , Rule:(neurons: [65, 22, 61, 92, 47, 64, 84, 15, 57, 96, 5, 44, 89, 118, 38, 54, 67, 31, 124, 43, 106, 4, 25, 8, 63] ,signature: [0, 1, 1, 1, 0, 1, 0, 1, 1, 1, 0, 0, 1, 0, 1, 1, 1, 1, 0, 0, 1, 1, 0, 1, 0] ),Support: 1
Class: 1.0 , Rule:(neurons: [65, 22, 61, 92, 47, 64, 84, 15, 57, 96, 5, 44, 89, 118, 25, 18, 109] ,signature: [0, 1, 1, 1, 0, 1, 0, 1, 1, 1, 0, 0, 1, 1, 1, 0, 0] ),Support: 1
Class: 1.0 , Rule:(neurons: [65, 22, 61, 92, 47, 64, 84, 15, 57, 96, 5, 44, 94, 76, 43, 122, 71, 42] ,signature: [0, 1, 1, 1, 0, 1, 0, 1, 1, 1, 0, 1, 1, 0, 1, 1, 1, 1] ),Support: 1
Class: 1.0 , Rule:(neurons: [65, 22, 61, 92, 47, 64, 84, 15, 57, 96, 5, 44, 94, 76, 17, 54, 2, 71, 80, 48] ,signature: [0, 1, 1, 1, 0, 1, 0, 1, 1, 1, 0, 1, 1, 1, 0, 1, 0, 1, 1, 0] ),Support: 1
Class: 1.0 , Rule:(neurons: [65, 22, 61, 92, 47, 64, 84, 19, 45, 93] ,signature: [0, 1, 1, 1, 0, 1, 1, 1, 0, 0] ),Support: 1
Class: 1.0 , Rule:(neurons: [65, 22, 61, 92, 47, 64, 84, 19, 45, 93, 110, 98, 54] ,signature: [0, 1, 1, 1, 0, 1, 1, 1, 0, 1, 1, 1, 0] ),Support: 1
Class: 1.0 , Rule:(neurons: [65, 22, 61, 92, 47, 108, 8, 28, 55, 100, 114] ,signature: [0, 1, 1, 1, 1, 1, 0, 1, 0, 0, 0] ),Support: 1
Class: 1.0 , Rule:(neurons: [65, 22, 61, 92, 47, 108, 8, 28, 55, 38, 63] ,signature: [0, 1, 1, 1, 1, 1, 0, 1, 1, 0, 1] ),Support: 1
Class: 1.0 , Rule:(neurons: [65, 22, 61, 92, 47, 108, 8, 39, 11, 43, 25, 34, 80] ,signature: [0, 1, 1, 1, 1, 1, 1, 1, 0, 0, 0, 0, 0] ),Support: 1
Class: 1.0 , Rule:(neurons: [65, 22, 61, 92, 47, 108, 8, 39, 11, 43, 54, 113, 0, 106, 76] ,signature: [0, 1, 1, 1, 1, 1, 1, 1, 0, 1, 1, 0, 1, 0, 1] ),Support: 1
Class: 1.0 , Rule:(neurons: [65, 22, 61, 92, 47, 108, 8, 39, 11, 43, 54, 113, 26, 10, 1, 19] ,signature: [0, 1, 1, 1, 1, 1, 1, 1, 0, 1, 1, 1, 1, 1, 1, 0] ),Support: 1
Class: 1.0 , Rule:(neurons: [65, 91, 62, 4, 106, 1, 49, 20, 66, 92, 109, 119, 86, 116, 51] ,signature: [1, 0, 0, 0, 1, 0, 1, 0, 1, 0, 0, 1, 1, 0, 0] ),Support: 1
Class: 1.0 , Rule:(neurons: [65, 91, 62, 25, 1, 94, 63, 15, 0, 38, 101, 52, 27, 93] ,signature: [1, 0, 1, 0, 0, 0, 0, 1, 0, 1, 0, 1, 1, 0] ),Support: 1
Class: 1.0 , Rule:(neurons: [65, 91, 62, 25, 19, 79, 1, 51, 88, 55, 73, 29, 16, 106, 100, 76, 113, 8] ,signature: [1, 0, 1, 1, 0, 0, 0, 1, 0, 0, 1, 1, 0, 1, 1, 1, 1, 0] ),Support: 1
Class: 1.0 , Rule:(neurons: [65, 91, 62, 25, 19, 79, 1, 51, 88, 15, 86, 26, 16, 122, 93] ,signature: [1, 0, 1, 1, 0, 0, 0, 1, 1, 1, 1, 0, 0, 1, 0] ),Support: 1
Class: 1.0 , Rule:(neurons: [65, 91, 62, 25, 19, 79, 1, 51, 88, 15, 86, 26, 98, 97, 114] ,signature: [1, 0, 1, 1, 0, 0, 0, 1, 1, 1, 1, 1, 1, 0, 0] ),Support: 1
Class: 1.0 , Rule:(neurons: [65, 91, 62, 25, 19, 79, 21, 4, 5, 113, 33, 22] ,signature: [1, 0, 1, 1, 0, 1, 0, 0, 0, 1, 1, 1] ),Support: 1
Class: 1.0 , Rule:(neurons: [65, 91, 62, 25, 19, 73, 7, 1, 24, 22, 54, 93, 69, 5] ,signature: [1, 0, 1, 1, 1, 0, 1, 1, 1, 1, 0, 0, 0, 0] ),Support: 1
Class: 1.0 , Rule:(neurons: [65, 91, 82, 63, 28, 5, 78, 27, 86, 25, 64, 2] ,signature: [1, 1, 1, 0, 0, 0, 1, 0, 1, 1, 1, 1] ),Support: 1
Class: 1.0 , Rule:(neurons: [65, 91, 82, 63, 127, 25, 62, 94, 71, 26, 45, 24, 1, 126] ,signature: [1, 1, 1, 1, 1, 0, 1, 1, 1, 1, 1, 0, 0, 0] ),Support: 1
Class: 1.0 , Rule:(neurons: [65, 91, 82, 63, 127, 25, 1, 14, 79, 61, 100, 64] ,signature: [1, 1, 1, 1, 1, 1, 0, 0, 0, 1, 0, 1] ),Support: 1
Class: 11.0 , Rule:(neurons: [65, 22, 28, 17, 14, 48, 113, 19, 76, 52, 122, 79, 20, 91] ,signature: [0, 0, 0, 1, 0, 0, 1, 0, 1, 0, 0, 1, 0, 1] ),Support: 4
Class: 11.0 , Rule:(neurons: [65, 22, 28, 17, 96, 118, 0, 14, 63, 119, 9, 31, 3, 80] ,signature: [0, 0, 0, 0, 1, 0, 1, 1, 0, 0, 0, 0, 0, 0] ),Support: 3
Class: 11.0 , Rule:(neurons: [65, 22, 28, 17, 96, 118, 0, 14, 63, 10, 91, 20, 62, 24, 113, 55] ,signature: [0, 0, 0, 0, 1, 0, 1, 1, 1, 0, 1, 1, 1, 0, 1, 1] ),Support: 3
Class: 11.0 , Rule:(neurons: [65, 22, 61, 92, 47, 64, 69, 68] ,signature: [0, 1, 1, 1, 0, 0, 1, 0] ),Support: 3
Class: 11.0 , Rule:(neurons: [65, 22, 61, 92, 47, 64, 84, 15, 57, 96, 5, 44, 94, 4, 73, 80] ,signature: [0, 1, 1, 1, 0, 1, 0, 1, 1, 1, 0, 1, 0, 1, 1, 0] ),Support: 3
Class: 11.0 , Rule:(neurons: [65, 91, 62, 25, 19, 73, 7, 1, 24, 76] ,signature: [1, 0, 1, 1, 1, 0, 1, 1, 0, 1] ),Support: 3
Class: 11.0 , Rule:(neurons: [65, 91, 82, 63, 28, 61, 62, 17, 22, 48, 47, 30, 114, 71, 69] ,signature: [1, 1, 1, 0, 1, 0, 1, 0, 1, 0, 0, 1, 1, 1, 1] ),Support: 3
Class: 11.0 , Rule:(neurons: [65, 22, 28, 17, 14, 48, 45, 4, 94, 9, 44, 110, 57, 63, 122, 113] ,signature: [0, 0, 0, 1, 0, 1, 1, 1, 0, 0, 1, 0, 1, 0, 1, 1] ),Support: 2
Class: 11.0 , Rule:(neurons: [65, 22, 28, 17, 14, 29, 10, 106, 5, 64, 93, 85, 68, 71, 37, 116, 11] ,signature: [0, 0, 0, 1, 1, 1, 0, 0, 0, 1, 1, 1, 0, 1, 0, 1, 0] ),Support: 2
Class: 11.0 , Rule:(neurons: [65, 22, 28, 17, 14, 29, 10, 84, 76, 62, 94, 98, 102, 115] ,signature: [0, 0, 0, 1, 1, 1, 1, 0, 1, 1, 1, 0, 1, 1] ),Support: 2
Class: 11.0 , Rule:(neurons: [65, 22, 28, 19, 68, 116, 45, 77, 39, 34, 10] ,signature: [0, 0, 1, 0, 0, 0, 0, 0, 0, 0, 1] ),Support: 2
Class: 11.0 , Rule:(neurons: [65, 22, 28, 19, 68, 116, 45, 77, 39, 8, 31, 17, 52] ,signature: [0, 0, 1, 0, 0, 0, 0, 0, 1, 0, 0, 0, 0] ),Support: 2
Class: 11.0 , Rule:(neurons: [65, 22, 61, 26, 67, 68, 28, 83, 80] ,signature: [0, 1, 0, 0, 0, 0, 0, 0, 0] ),Support: 2
Class: 11.0 , Rule:(neurons: [65, 22, 61, 26, 94, 1, 118, 108, 91, 38, 66, 40, 17, 3] ,signature: [0, 1, 0, 1, 1, 0, 0, 0, 1, 0, 1, 0, 0, 0] ),Support: 2
Class: 11.0 , Rule:(neurons: [65, 22, 61, 26, 94, 1, 118, 108, 25, 0, 88, 16, 28, 122] ,signature: [0, 1, 0, 1, 1, 0, 0, 1, 1, 0, 0, 0, 1, 1] ),Support: 2
Class: 11.0 , Rule:(neurons: [65, 22, 61, 26, 94, 1, 118, 108, 25, 0, 124, 113, 80] ,signature: [0, 1, 0, 1, 1, 0, 0, 1, 1, 1, 0, 0, 0] ),Support: 2
Class: 11.0 , Rule:(neurons: [65, 22, 61, 92, 10, 47, 39, 26, 34, 17, 86, 102] ,signature: [0, 1, 1, 0, 1, 1, 0, 1, 0, 1, 0, 0] ),Support: 2
Class: 11.0 , Rule:(neurons: [65, 22, 61, 92, 47, 64, 84, 15, 57, 96, 5, 44, 89, 118, 38, 54, 67, 101, 76, 94, 17, 34, 40] ,signature: [0, 1, 1, 1, 0, 1, 0, 1, 1, 1, 0, 0, 1, 0, 1, 1, 0, 1, 1, 1, 1, 0, 1] ),Support: 2
Class: 11.0 , Rule:(neurons: [65, 91, 82, 63, 28, 61, 62, 17, 22, 48, 47, 30, 114, 71, 69, 77, 1, 36] ,signature: [1, 1, 1, 0, 1, 0, 1, 0, 1, 0, 0, 1, 1, 1, 0, 0, 1, 1] ),Support: 2
Class: 11.0 , Rule:(neurons: [65, 91, 82, 63, 28, 61, 73, 43] ,signature: [1, 1, 1, 0, 1, 1, 1, 0] ),Support: 2
Class: 11.0 , Rule:(neurons: [65, 22, 28, 17, 96, 118, 0, 82, 77, 110, 29, 117, 123, 4, 119, 113, 5, 81] ,signature: [0, 0, 0, 0, 1, 0, 0, 1, 0, 1, 1, 1, 1, 0, 1, 0, 1, 1] ),Support: 1
Class: 11.0 , Rule:(neurons: [65, 22, 28, 17, 96, 118, 0, 82, 77, 110, 29, 117, 123, 4, 14, 69, 113, 21, 31, 126] ,signature: [0, 0, 0, 0, 1, 0, 0, 1, 0, 1, 1, 1, 1, 1, 1, 1, 1, 1, 0, 1] ),Support: 1
Class: 11.0 , Rule:(neurons: [65, 22, 28, 17, 96, 118, 0, 82, 77, 62, 38, 66, 49, 98, 16, 127, 52] ,signature: [0, 0, 0, 0, 1, 0, 0, 1, 1, 1, 0, 0, 1, 0, 0, 0, 0] ),Support: 1
Class: 11.0 , Rule:(neurons: [65, 22, 28, 17, 96, 118, 0, 14, 62, 66, 9, 21, 18, 104] ,signature: [0, 0, 0, 0, 1, 0, 1, 0, 0, 1, 1, 1, 1, 1] ),Support: 1
Class: 11.0 , Rule:(neurons: [65, 22, 28, 17, 96, 118, 0, 14, 62, 94, 119, 29, 57, 19, 63] ,signature: [0, 0, 0, 0, 1, 0, 1, 0, 1, 1, 0, 0, 1, 0, 1] ),Support: 1
Class: 11.0 , Rule:(neurons: [65, 22, 28, 17, 96, 118, 0, 14, 62, 94, 119, 45, 113, 76, 110] ,signature: [0, 0, 0, 0, 1, 0, 1, 0, 1, 1, 1, 1, 1, 1, 0] ),Support: 1
Class: 11.0 , Rule:(neurons: [65, 22, 28, 17, 96, 118, 0, 14, 63, 10, 91, 20, 62, 24, 44, 18, 101] ,signature: [0, 0, 0, 0, 1, 0, 1, 1, 1, 0, 1, 1, 1, 1, 0, 0, 0] ),Support: 1
Class: 11.0 , Rule:(neurons: [65, 22, 28, 17, 96, 118, 0, 14, 63, 10, 91, 20, 62, 24, 44, 18, 99, 94, 19] ,signature: [0, 0, 0, 0, 1, 0, 1, 1, 1, 0, 1, 1, 1, 1, 0, 1, 1, 0, 0] ),Support: 1
Class: 11.0 , Rule:(neurons: [65, 22, 28, 17, 96, 118, 0, 14, 63, 10, 45, 49, 13, 69, 5] ,signature: [0, 0, 0, 0, 1, 0, 1, 1, 1, 1, 0, 1, 1, 1, 1] ),Support: 1
Class: 11.0 , Rule:(neurons: [65, 22, 28, 17, 14, 48, 113, 19, 76, 127, 97, 108, 91, 89, 51, 121] ,signature: [0, 0, 0, 1, 0, 0, 1, 0, 0, 0, 0, 1, 0, 1, 0, 1] ),Support: 1
Class: 11.0 , Rule:(neurons: [65, 22, 28, 17, 14, 48, 113, 19, 76, 52, 62, 27, 0, 43, 49] ,signature: [0, 0, 0, 1, 0, 0, 1, 0, 1, 1, 1, 1, 0, 0, 1] ),Support: 1
Class: 11.0 , Rule:(neurons: [65, 22, 28, 17, 14, 48, 113, 19, 105, 61, 26, 4, 83, 96, 123] ,signature: [0, 0, 0, 1, 0, 0, 1, 1, 1, 1, 1, 0, 1, 1, 0] ),Support: 1
Class: 11.0 , Rule:(neurons: [65, 22, 28, 17, 14, 29, 10, 106, 5, 64, 93, 85, 68, 71, 37, 116, 80, 3] ,signature: [0, 0, 0, 1, 1, 1, 0, 0, 0, 1, 1, 1, 0, 1, 0, 0, 0, 0] ),Support: 1
Class: 11.0 , Rule:(neurons: [65, 22, 28, 17, 14, 29, 10, 106, 5, 64, 93, 85, 68, 71, 37, 116, 80, 92, 99, 63] ,signature: [0, 0, 0, 1, 1, 1, 0, 0, 0, 1, 1, 1, 0, 1, 0, 0, 1, 1, 0, 0] ),Support: 1
Class: 11.0 , Rule:(neurons: [65, 22, 28, 17, 14, 29, 10, 106, 5, 64, 93, 85, 68, 71, 37, 48, 91, 119, 19, 47, 88, 27, 92, 126] ,signature: [0, 0, 0, 1, 1, 1, 0, 0, 0, 1, 1, 1, 0, 1, 1, 0, 1, 0, 0, 1, 1, 0, 0, 1] ),Support: 1
Class: 11.0 , Rule:(neurons: [65, 22, 28, 17, 14, 29, 10, 106, 5, 64, 93, 85, 68, 110, 55, 73, 9] ,signature: [0, 0, 0, 1, 1, 1, 0, 0, 0, 1, 1, 1, 1, 1, 0, 0, 1] ),Support: 1
Class: 11.0 , Rule:(neurons: [65, 22, 28, 17, 14, 29, 10, 84, 76, 62, 94, 66, 63, 11, 101, 51] ,signature: [0, 0, 0, 1, 1, 1, 1, 0, 1, 1, 0, 0, 1, 0, 1, 0] ),Support: 1
Class: 11.0 , Rule:(neurons: [65, 22, 28, 17, 14, 29, 10, 84, 76, 62, 94, 66, 0, 24] ,signature: [0, 0, 0, 1, 1, 1, 1, 0, 1, 1, 0, 1, 1, 0] ),Support: 1
Class: 11.0 , Rule:(neurons: [65, 22, 28, 17, 14, 29, 10, 84, 76, 62, 94, 66, 0, 24, 99] ,signature: [0, 0, 0, 1, 1, 1, 1, 0, 1, 1, 0, 1, 1, 1, 0] ),Support: 1
Class: 11.0 , Rule:(neurons: [65, 22, 28, 17, 14, 29, 10, 84, 76, 62, 94, 98, 102, 68, 93] ,signature: [0, 0, 0, 1, 1, 1, 1, 0, 1, 1, 1, 0, 0, 0, 0] ),Support: 1
Class: 11.0 , Rule:(neurons: [65, 22, 28, 17, 14, 29, 10, 84, 76, 62, 94, 98, 102, 68, 93, 25, 44, 4, 83, 31, 99] ,signature: [0, 0, 0, 1, 1, 1, 1, 0, 1, 1, 1, 0, 0, 0, 1, 0, 0, 0, 0, 0, 0] ),Support: 1
Class: 11.0 , Rule:(neurons: [65, 22, 28, 17, 14, 29, 10, 84, 76, 62, 94, 98, 113, 123] ,signature: [0, 0, 0, 1, 1, 1, 1, 0, 1, 1, 1, 1, 0, 0] ),Support: 1
Class: 11.0 , Rule:(neurons: [65, 22, 28, 17, 14, 29, 10, 84, 98, 113, 99, 26, 69, 7] ,signature: [0, 0, 0, 1, 1, 1, 1, 1, 0, 1, 0, 0, 1, 0] ),Support: 1
Class: 11.0 , Rule:(neurons: [65, 22, 28, 17, 14, 29, 10, 84, 98, 113, 99, 93, 61] ,signature: [0, 0, 0, 1, 1, 1, 1, 1, 0, 1, 1, 0, 1] ),Support: 1
Class: 11.0 , Rule:(neurons: [65, 22, 28, 17, 14, 29, 10, 84, 98, 77, 0, 9, 33] ,signature: [0, 0, 0, 1, 1, 1, 1, 1, 1, 0, 1, 1, 1] ),Support: 1
Class: 11.0 , Rule:(neurons: [65, 22, 28, 19, 68, 116, 45, 77, 39, 34, 101, 31, 17, 92] ,signature: [0, 0, 1, 0, 0, 0, 0, 0, 0, 1, 1, 0, 0, 0] ),Support: 1
Class: 11.0 , Rule:(neurons: [65, 22, 28, 19, 68, 116, 45, 77, 39, 8, 17, 33, 24, 27] ,signature: [0, 0, 1, 0, 0, 0, 0, 0, 1, 1, 1, 1, 0, 1] ),Support: 1
Class: 11.0 , Rule:(neurons: [65, 22, 28, 19, 68, 116, 45, 2, 126, 34] ,signature: [0, 0, 1, 0, 0, 0, 1, 1, 0, 0] ),Support: 1
Class: 11.0 , Rule:(neurons: [65, 22, 28, 19, 68, 116, 8, 96, 14, 24, 44, 39, 104] ,signature: [0, 0, 1, 0, 0, 1, 0, 1, 0, 1, 0, 1, 0] ),Support: 1
Class: 11.0 , Rule:(neurons: [65, 22, 28, 19, 68, 116, 8, 104, 79, 24, 62, 26, 3, 122, 0] ,signature: [0, 0, 1, 0, 0, 1, 1, 1, 0, 0, 1, 1, 1, 1, 0] ),Support: 1
Class: 11.0 , Rule:(neurons: [65, 22, 28, 19, 68, 29, 66, 91, 25, 20, 49, 4, 114, 11] ,signature: [0, 0, 1, 0, 1, 0, 1, 0, 0, 0, 1, 0, 1, 0] ),Support: 1
Class: 11.0 , Rule:(neurons: [65, 22, 61, 26, 67, 68, 28, 83, 80, 116, 14, 24, 99, 92] ,signature: [0, 1, 0, 0, 0, 0, 0, 0, 1, 0, 1, 0, 0, 1] ),Support: 1
Class: 11.0 , Rule:(neurons: [65, 22, 61, 26, 67, 68, 28, 83, 80, 116, 14, 24, 99] ,signature: [0, 1, 0, 0, 0, 0, 0, 0, 1, 0, 1, 0, 1] ),Support: 1
Class: 11.0 , Rule:(neurons: [65, 22, 61, 26, 67, 68, 28, 83, 80, 116, 14, 24, 16, 82, 39] ,signature: [0, 1, 0, 0, 0, 0, 0, 0, 1, 0, 1, 1, 0, 1, 0] ),Support: 1
Class: 11.0 , Rule:(neurons: [65, 22, 61, 26, 67, 68, 28, 45, 17] ,signature: [0, 1, 0, 0, 0, 0, 1, 0, 0] ),Support: 1
Class: 11.0 , Rule:(neurons: [65, 22, 61, 26, 67, 68, 91, 94, 110, 121, 126] ,signature: [0, 1, 0, 0, 0, 1, 0, 0, 0, 1, 0] ),Support: 1
Class: 11.0 , Rule:(neurons: [65, 22, 61, 26, 67, 68, 91, 10, 33, 2, 45, 76, 63] ,signature: [0, 1, 0, 0, 0, 1, 1, 1, 1, 1, 0, 1, 1] ),Support: 1
Class: 11.0 , Rule:(neurons: [65, 22, 61, 26, 94, 25, 34, 118, 0, 45, 11, 29] ,signature: [0, 1, 0, 1, 0, 0, 1, 0, 0, 1, 1, 0] ),Support: 1
Class: 11.0 , Rule:(neurons: [65, 22, 61, 26, 94, 25, 34, 118, 0, 101, 20, 55, 33] ,signature: [0, 1, 0, 1, 0, 0, 1, 0, 1, 1, 0, 1, 1] ),Support: 1
Class: 11.0 , Rule:(neurons: [65, 22, 61, 26, 94, 25, 34, 118, 0, 101, 20, 108, 52, 62, 122] ,signature: [0, 1, 0, 1, 0, 0, 1, 0, 1, 1, 1, 0, 0, 1, 1] ),Support: 1
Class: 11.0 , Rule:(neurons: [65, 22, 61, 26, 94, 25, 14, 44, 98, 40, 105, 0] ,signature: [0, 1, 0, 1, 0, 1, 0, 0, 0, 1, 0, 1] ),Support: 1
Class: 11.0 , Rule:(neurons: [65, 22, 61, 26, 94, 1, 118, 108, 91, 123, 52, 109, 62, 18] ,signature: [0, 1, 0, 1, 1, 0, 0, 0, 0, 1, 0, 1, 1, 0] ),Support: 1
Class: 11.0 , Rule:(neurons: [65, 22, 61, 26, 94, 1, 118, 108, 91, 38, 66, 106, 8, 43] ,signature: [0, 1, 0, 1, 1, 0, 0, 0, 1, 0, 0, 0, 0, 1] ),Support: 1
Class: 11.0 , Rule:(neurons: [65, 22, 61, 26, 94, 1, 118, 108, 91, 38, 66, 106, 47, 46, 16] ,signature: [0, 1, 0, 1, 1, 0, 0, 0, 1, 0, 0, 1, 1, 1, 0] ),Support: 1
Class: 11.0 , Rule:(neurons: [65, 22, 61, 26, 94, 1, 118, 108, 91, 38, 66, 40, 55, 2] ,signature: [0, 1, 0, 1, 1, 0, 0, 0, 1, 0, 1, 1, 1, 0] ),Support: 1
Class: 11.0 , Rule:(neurons: [65, 22, 61, 26, 94, 1, 118, 108, 91, 38, 68, 116] ,signature: [0, 1, 0, 1, 1, 0, 0, 0, 1, 1, 0, 1] ),Support: 1
Class: 11.0 , Rule:(neurons: [65, 22, 61, 26, 94, 1, 118, 108, 25, 16, 121, 68, 40, 80, 63, 0, 8] ,signature: [0, 1, 0, 1, 1, 0, 0, 1, 0, 0, 1, 0, 0, 0, 0, 1, 0] ),Support: 1
Class: 11.0 , Rule:(neurons: [65, 22, 61, 26, 94, 1, 118, 108, 25, 16, 121, 68, 24, 49] ,signature: [0, 1, 0, 1, 1, 0, 0, 1, 0, 0, 1, 1, 0, 0] ),Support: 1
Class: 11.0 , Rule:(neurons: [65, 22, 61, 26, 94, 1, 118, 108, 25, 16, 119, 76, 2] ,signature: [0, 1, 0, 1, 1, 0, 0, 1, 0, 1, 0, 1, 0] ),Support: 1
Class: 11.0 , Rule:(neurons: [65, 22, 61, 26, 94, 1, 118, 108, 25, 0, 88, 5, 106, 33] ,signature: [0, 1, 0, 1, 1, 0, 0, 1, 1, 0, 1, 1, 1, 0] ),Support: 1
Class: 11.0 , Rule:(neurons: [65, 22, 61, 26, 94, 1, 118, 108, 25, 0, 124, 113, 109, 34, 88, 28, 63] ,signature: [0, 1, 0, 1, 1, 0, 0, 1, 1, 1, 0, 1, 1, 1, 0, 0, 0] ),Support: 1
Class: 11.0 , Rule:(neurons: [65, 22, 61, 26, 94, 1, 118, 108, 25, 0, 124, 99, 64, 20, 52, 19] ,signature: [0, 1, 0, 1, 1, 0, 0, 1, 1, 1, 1, 1, 1, 1, 1, 0] ),Support: 1
Class: 11.0 , Rule:(neurons: [65, 22, 61, 26, 94, 1, 118, 57, 74, 8, 93, 113, 20, 40, 35, 69, 91, 55, 47, 52] ,signature: [0, 1, 0, 1, 1, 0, 1, 1, 1, 1, 1, 1, 1, 1, 1, 1, 0, 1, 1, 0] ),Support: 1
Class: 11.0 , Rule:(neurons: [65, 22, 61, 26, 94, 1, 118, 57, 109] ,signature: [0, 1, 0, 1, 1, 1, 0, 0, 0] ),Support: 1
Class: 11.0 , Rule:(neurons: [65, 22, 61, 26, 94, 1, 118, 57, 96, 64, 121, 108, 66, 68] ,signature: [0, 1, 0, 1, 1, 1, 0, 1, 1, 1, 1, 0, 0, 0] ),Support: 1
Class: 11.0 , Rule:(neurons: [65, 22, 61, 26, 94, 1, 118, 91, 93, 45] ,signature: [0, 1, 0, 1, 1, 1, 1, 0, 0, 0] ),Support: 1
Class: 11.0 , Rule:(neurons: [65, 22, 61, 92, 10, 47, 44, 89, 106, 101, 11, 54] ,signature: [0, 1, 1, 0, 1, 0, 0, 1, 0, 0, 1, 1] ),Support: 1
Class: 11.0 , Rule:(neurons: [65, 22, 61, 92, 10, 47, 44, 89, 106, 17, 4, 113, 15] ,signature: [0, 1, 1, 0, 1, 0, 0, 1, 1, 1, 1, 0, 1] ),Support: 1
Class: 11.0 , Rule:(neurons: [65, 22, 61, 92, 10, 47, 39, 63, 105, 43, 31] ,signature: [0, 1, 1, 0, 1, 1, 1, 1, 1, 0, 0] ),Support: 1
Class: 11.0 , Rule:(neurons: [65, 22, 61, 92, 47, 64, 84, 15, 4] ,signature: [0, 1, 1, 1, 0, 1, 0, 0, 0] ),Support: 1
Class: 11.0 , Rule:(neurons: [65, 22, 61, 92, 47, 64, 84, 15, 57, 33] ,signature: [0, 1, 1, 1, 0, 1, 0, 1, 0, 1] ),Support: 1
Class: 11.0 , Rule:(neurons: [65, 22, 61, 92, 47, 64, 84, 15, 57, 96, 5, 44, 89, 118, 38, 54, 67, 101, 76, 94, 51, 83, 102] ,signature: [0, 1, 1, 1, 0, 1, 0, 1, 1, 1, 0, 0, 1, 0, 1, 1, 0, 1, 1, 0, 0, 1, 1] ),Support: 1
Class: 11.0 , Rule:(neurons: [65, 22, 61, 92, 47, 64, 84, 15, 57, 96, 5, 44, 89, 118, 38, 54, 67, 101, 76, 94, 17, 40, 2, 25, 4, 106, 51, 102, 63, 28] ,signature: [0, 1, 1, 1, 0, 1, 0, 1, 1, 1, 0, 0, 1, 0, 1, 1, 0, 1, 1, 1, 0, 1, 1, 1, 1, 0, 1, 0, 1, 1] ),Support: 1
Class: 11.0 , Rule:(neurons: [65, 22, 61, 92, 47, 64, 84, 15, 57, 96, 5, 44, 89, 118, 38, 54, 67, 31] ,signature: [0, 1, 1, 1, 0, 1, 0, 1, 1, 1, 0, 0, 1, 0, 1, 1, 1, 0] ),Support: 1
Class: 11.0 , Rule:(neurons: [65, 22, 61, 92, 47, 64, 84, 15, 57, 96, 5, 44, 89, 118, 25, 18, 109] ,signature: [0, 1, 1, 1, 0, 1, 0, 1, 1, 1, 0, 0, 1, 1, 1, 0, 1] ),Support: 1
Class: 11.0 , Rule:(neurons: [65, 22, 61, 92, 47, 64, 84, 15, 57, 96, 5, 44, 94, 4, 73, 0] ,signature: [0, 1, 1, 1, 0, 1, 0, 1, 1, 1, 0, 1, 0, 1, 0, 1] ),Support: 1
Class: 11.0 , Rule:(neurons: [65, 22, 61, 92, 47, 64, 84, 15, 57, 96, 5, 62] ,signature: [0, 1, 1, 1, 0, 1, 0, 1, 1, 1, 1, 1] ),Support: 1
Class: 11.0 , Rule:(neurons: [65, 22, 61, 92, 47, 64, 84, 19, 45, 68, 42, 29, 127] ,signature: [0, 1, 1, 1, 0, 1, 1, 1, 1, 0, 1, 1, 0] ),Support: 1
Class: 11.0 , Rule:(neurons: [65, 22, 61, 92, 47, 108, 99, 121, 62, 7, 57] ,signature: [0, 1, 1, 1, 1, 0, 1, 1, 1, 1, 0] ),Support: 1
Class: 11.0 , Rule:(neurons: [65, 22, 61, 92, 47, 108, 99, 121, 62, 7, 57, 118, 123, 122] ,signature: [0, 1, 1, 1, 1, 0, 1, 1, 1, 1, 1, 0, 0, 0] ),Support: 1
Class: 11.0 , Rule:(neurons: [65, 22, 61, 92, 47, 108, 8, 39, 11, 28, 25, 17, 49, 33] ,signature: [0, 1, 1, 1, 1, 1, 1, 1, 1, 1, 1, 0, 1, 1] ),Support: 1
Class: 11.0 , Rule:(neurons: [65, 22, 61, 92, 47, 108, 8, 39, 11, 28, 25, 17, 1, 80] ,signature: [0, 1, 1, 1, 1, 1, 1, 1, 1, 1, 1, 1, 0, 1] ),Support: 1
Class: 11.0 , Rule:(neurons: [65, 91, 62, 4, 106, 19, 20, 97, 75, 51, 92, 28, 52] ,signature: [1, 0, 0, 0, 0, 0, 1, 0, 1, 0, 1, 0, 1] ),Support: 1
Class: 11.0 , Rule:(neurons: [65, 91, 62, 4, 25, 97, 71, 48, 21, 44, 47, 122, 73] ,signature: [1, 0, 0, 1, 1, 0, 1, 1, 0, 0, 0, 1, 0] ),Support: 1
Class: 11.0 , Rule:(neurons: [65, 91, 62, 25, 1, 94, 2, 108, 26, 61, 66, 24] ,signature: [1, 0, 1, 0, 1, 0, 1, 1, 1, 0, 1, 0] ),Support: 1
Class: 11.0 , Rule:(neurons: [65, 91, 62, 25, 19, 79, 1, 51, 88, 55, 73, 2, 45, 94, 64, 42, 102] ,signature: [1, 0, 1, 1, 0, 0, 0, 1, 0, 0, 0, 0, 1, 1, 1, 0, 1] ),Support: 1
Class: 11.0 , Rule:(neurons: [65, 91, 62, 25, 19, 79, 1, 51, 88, 55, 73, 29, 46, 48, 76, 39, 94, 71] ,signature: [1, 0, 1, 1, 0, 0, 0, 1, 0, 0, 1, 0, 0, 0, 0, 1, 1, 0] ),Support: 1
Class: 11.0 , Rule:(neurons: [65, 91, 62, 25, 19, 79, 1, 51, 88, 15, 86, 26, 98, 97, 114, 47, 8, 40] ,signature: [1, 0, 1, 1, 0, 0, 0, 1, 1, 1, 1, 1, 1, 0, 1, 0, 0, 1] ),Support: 1
Class: 11.0 , Rule:(neurons: [65, 91, 62, 25, 19, 79, 1, 115, 116, 2, 27, 15, 28] ,signature: [1, 0, 1, 1, 0, 0, 1, 1, 0, 1, 1, 0, 1] ),Support: 1
Class: 11.0 , Rule:(neurons: [65, 91, 62, 25, 19, 79, 1, 115, 116, 114, 84, 110, 85, 46, 75, 11, 71, 22] ,signature: [1, 0, 1, 1, 0, 0, 1, 1, 1, 1, 0, 1, 1, 0, 1, 0, 0, 1] ),Support: 1
Class: 11.0 , Rule:(neurons: [65, 91, 62, 25, 19, 73, 7, 4, 83, 55, 74, 11] ,signature: [1, 0, 1, 1, 1, 0, 0, 0, 1, 1, 0, 1] ),Support: 1
Class: 11.0 , Rule:(neurons: [65, 91, 62, 25, 19, 73, 7, 1, 24, 22, 54, 93, 11, 64] ,signature: [1, 0, 1, 1, 1, 0, 1, 1, 1, 1, 0, 1, 0, 1] ),Support: 1
Class: 11.0 , Rule:(neurons: [65, 91, 82, 84, 71, 55, 17, 16, 51] ,signature: [1, 1, 0, 0, 0, 0, 0, 0, 0] ),Support: 1
Class: 11.0 , Rule:(neurons: [65, 91, 82, 63, 28, 61, 62, 17, 22, 48, 47, 30, 114, 71, 5] ,signature: [1, 1, 1, 0, 1, 0, 1, 0, 1, 0, 0, 1, 1, 0, 0] ),Support: 1
Class: 11.0 , Rule:(neurons: [65, 91, 82, 63, 127, 86, 108, 99, 94, 14, 76, 100] ,signature: [1, 1, 1, 1, 0, 1, 1, 0, 0, 1, 0, 0] ),Support: 1
Class: 11.0 , Rule:(neurons: [65, 91, 82, 63, 127, 86, 108, 99, 94, 2, 44, 93] ,signature: [1, 1, 1, 1, 0, 1, 1, 0, 1, 0, 1, 0] ),Support: 1
Class: 11.0 , Rule:(neurons: [65, 91, 82, 63, 127, 86, 108, 99, 94, 73, 113, 54] ,signature: [1, 1, 1, 1, 0, 1, 1, 1, 1, 1, 0, 0] ),Support: 1
Class: 11.0 , Rule:(neurons: [65, 91, 82, 63, 127, 25, 62, 94, 71, 121, 113, 54, 118, 76] ,signature: [1, 1, 1, 1, 1, 0, 1, 1, 0, 1, 1, 0, 0, 1] ),Support: 1
Class: 11.0 , Rule:(neurons: [65, 91, 82, 63, 127, 25, 62, 94, 71, 121, 113, 54, 118, 76] ,signature: [1, 1, 1, 1, 1, 0, 1, 1, 0, 1, 1, 0, 1, 1] ),Support: 1
Class: 11.0 , Rule:(neurons: [65, 91, 82, 63, 127, 25, 62, 94, 71, 26, 1, 17, 0, 47] ,signature: [1, 1, 1, 1, 1, 0, 1, 1, 1, 0, 0, 1, 0, 0] ),Support: 1
Class: 11.0 , Rule:(neurons: [65, 91, 82, 63, 127, 25, 1, 14, 79, 61, 35, 45, 43, 47, 8, 114, 97, 11, 98, 48, 118] ,signature: [1, 1, 1, 1, 1, 1, 0, 0, 0, 0, 1, 1, 1, 0, 1, 1, 1, 0, 1, 1, 0] ),Support: 1
Class: 11.0 , Rule:(neurons: [65, 91, 82, 63, 127, 25, 1, 14, 17, 28] ,signature: [1, 1, 1, 1, 1, 1, 0, 1, 0, 1] ),Support: 1