100%|¦¦¦¦¦¦¦¦¦¦| 5754/5754 [00:00<00:00, 532524.83it/s]Obtained all paths
PRINTING PURE RULES WITH SUPPORT MORE THAN 100 FOR EVERY LABEL:
Class: 0.0 , Rule:(neurons: [65, 22, 28, 19, 68, 116, 8, 104, 79, 24, 54, 122, 102, 119, 48, 121, 46, 109, 55, 57, 124] ,signature: [0, 0, 1, 0, 0, 1, 1, 1, 0, 1, 1, 0, 0, 1, 0, 0, 0, 1, 1, 0, 0] ),Support: 2510
Class: 0.0 , Rule:(neurons: [65, 22, 28, 19, 68, 116, 8, 104, 79, 24, 54, 122, 102, 119, 48, 121, 46, 109, 55, 57, 124, 101] ,signature: [0, 0, 1, 0, 0, 1, 1, 1, 0, 1, 1, 0, 0, 1, 0, 0, 0, 1, 1, 0, 1, 1] ),Support: 611
Class: 0.0 , Rule:(neurons: [65, 22, 28, 17, 14, 48, 113, 77, 27, 104, 124, 116, 102, 68, 75, 79, 94, 108] ,signature: [0, 0, 0, 1, 0, 0, 0, 1, 1, 1, 0, 1, 0, 0, 1, 0, 0, 0] ),Support: 416
Class: 0.0 , Rule:(neurons: [65, 22, 28, 19, 62, 104, 118, 79, 61, 55, 81, 13, 46] ,signature: [0, 0, 1, 1, 1, 1, 1, 0, 0, 1, 1, 0, 0] ),Support: 304
Class: 0.0 , Rule:(neurons: [65, 22, 28, 19, 68, 116, 8, 104, 79, 24, 54, 122, 102, 119, 48, 121, 46, 109, 55, 1, 40] ,signature: [0, 0, 1, 0, 0, 1, 1, 1, 0, 1, 1, 0, 0, 1, 0, 0, 0, 1, 0, 0, 0] ),Support: 226
Class: 0.0 , Rule:(neurons: [65, 22, 28, 17, 96, 62, 74, 68, 116, 79, 101, 86] ,signature: [0, 0, 0, 0, 0, 1, 0, 0, 1, 0, 1, 0] ),Support: 212

Class: 0.0 , Rule:(neurons: [65, 22, 28, 19, 68, 116, 8, 104, 79, 24, 54, 122, 102, 119, 27, 5, 57, 1, 26, 44] ,signature: [0, 0, 1, 0, 0, 1, 1, 1, 0, 1, 1, 0, 0, 0, 1, 1, 0, 0, 0, 0] ),Support: 178
Class: 0.0 , Rule:(neurons: [65, 22, 28, 19, 68, 116, 8, 104, 79, 24, 54, 122, 102, 119, 48, 121, 46, 109, 55, 57, 62] ,signature: [0, 0, 1, 0, 0, 1, 1, 1, 0, 1, 1, 0, 0, 1, 0, 0, 0, 1, 1, 1, 1] ),Support: 113
Class: 0.0 , Rule:(neurons: [65, 22, 28, 19, 68, 116, 8, 104, 43, 79, 18] ,signature: [0, 0, 1, 0, 0, 1, 1, 0, 0, 0, 1] ),Support: 92
Class: 0.0 , Rule:(neurons: [65, 22, 28, 17, 14, 29, 43] ,signature: [0, 0, 0, 1, 1, 0, 0] ),Support: 74
Class: 0.0 , Rule:(neurons: [65, 22, 28, 19, 68, 116, 8, 104, 79, 24, 54, 122, 102, 119, 48, 121, 46, 109, 71] ,signature: [0, 0, 1, 0, 0, 1, 1, 1, 0, 1, 1, 0, 0, 1, 0, 0, 0, 0, 1] ),Support: 57
Class: 0.0 , Rule:(neurons: [65, 91, 62, 25, 1, 94, 104, 108, 24, 34, 5, 36] ,signature: [1, 0, 1, 0, 0, 1, 1, 0, 1, 1, 1, 0] ),Support: 44
Class: 0.0 , Rule:(neurons: [65, 22, 28, 17, 96, 118, 62, 104, 35, 21] ,signature: [0, 0, 0, 0, 1, 1, 1, 1, 0, 1] ),Support: 42
Class: 0.0 , Rule:(neurons: [65, 22, 28, 19, 68, 116, 8, 104, 79, 24, 54, 122, 102, 119, 48, 121, 46, 109, 55, 57, 124, 101, 76] ,signature: [0, 0, 1, 0, 0, 1, 1, 1, 0, 1, 1, 0, 0, 1, 0, 0, 0, 1, 1, 0, 1, 0, 0] ),Support: 41
Class: 0.0 , Rule:(neurons: [65, 22, 28, 19, 68, 116, 8, 104, 79, 115, 27, 15, 94] ,signature: [0, 0, 1, 0, 0, 1, 1, 1, 1, 0, 1, 0, 0] ),Support: 37
Class: 0.0 , Rule:(neurons: [65, 22, 28, 17, 14, 48, 113, 77, 27, 104, 124, 116, 102, 68, 75, 79, 94, 108, 42, 82] ,signature: [0, 0, 0, 1, 0, 0, 0, 1, 1, 1, 0, 1, 0, 0, 1, 0, 0, 1, 1, 1] ),Support: 35
Class: 0.0 , Rule:(neurons: [65, 22, 28, 19, 68, 116, 8, 104, 79, 24, 54, 122, 102, 119, 48, 121, 46, 99] ,signature: [0, 0, 1, 0, 0, 1, 1, 1, 0, 1, 1, 0, 0, 1, 0, 0, 1, 0] ),Support: 35
Class: 0.0 , Rule:(neurons: [65, 22, 28, 19, 62, 17, 66, 79, 104, 124, 68, 102, 75, 46] ,signature: [0, 0, 1, 1, 0, 1, 0, 0, 1, 0, 0, 0, 1, 0] ),Support: 31
Class: 0.0 , Rule:(neurons: [65, 91, 62, 25, 1, 94, 63, 45, 78, 28, 84] ,signature: [1, 0, 1, 0, 0, 0, 1, 0, 0, 1, 0] ),Support: 31
Class: 0.0 , Rule:(neurons: [65, 22, 28, 19, 62, 104, 118, 99, 79, 49, 2, 86] ,signature: [0, 0, 1, 1, 1, 1, 0, 1, 0, 0, 1, 0] ),Support: 27
Class: 0.0 , Rule:(neurons: [65, 91, 62, 4, 106, 19, 20, 1, 36] ,signature: [1, 0, 0, 0, 0, 0, 0, 0, 0] ),Support: 24
Class: 0.0 , Rule:(neurons: [65, 22, 28, 17, 14, 48, 113, 19, 76, 52, 122, 79, 57, 68, 27, 18, 104, 102] ,signature: [0, 0, 0, 1, 0, 0, 1, 0, 1, 0, 0, 0, 0, 0, 1, 1, 1, 0] ),Support: 23
Class: 0.0 , Rule:(neurons: [65, 22, 28, 19, 68, 116, 8, 104, 79, 24, 54, 122, 102, 119, 48, 121, 21] ,signature: [0, 0, 1, 0, 0, 1, 1, 1, 0, 1, 1, 0, 0, 1, 0, 1, 1] ),Support: 23
Class: 0.0 , Rule:(neurons: [65, 22, 28, 17, 14, 48, 113, 77, 27, 104, 124, 116, 102, 68, 75, 79, 15, 23] ,signature: [0, 0, 0, 1, 0, 0, 0, 1, 1, 1, 0, 1, 0, 0, 1, 1, 0, 1] ),Support: 22
Class: 0.0 , Rule:(neurons: [65, 22, 28, 17, 14, 48, 113, 19, 76, 52, 62, 51, 68, 116, 33, 75] ,signature: [0, 0, 0, 1, 0, 0, 1, 0, 1, 1, 0, 0, 0, 1, 0, 1] ),Support: 22
Class: 0.0 , Rule:(neurons: [65, 91, 62, 4, 106, 1, 49, 79, 55, 32, 99, 48, 36, 68] ,signature: [1, 0, 0, 0, 1, 0, 0, 0, 1, 0, 0, 0, 0, 0] ),Support: 22
Class: 0.0 , Rule:(neurons: [65, 22, 28, 17, 96, 62, 45, 29, 43, 88, 19] ,signature: [0, 0, 0, 0, 0, 0, 0, 0, 0, 0, 0] ),Support: 20
Class: 0.0 , Rule:(neurons: [65, 22, 28, 17, 14, 48, 113, 19, 76, 127, 97, 108, 118, 104, 109, 44, 57] ,signature: [0, 0, 0, 1, 0, 0, 1, 0, 0, 0, 0, 0, 1, 1, 1, 0, 0] ),Support: 20
Class: 0.0 , Rule:(neurons: [65, 22, 28, 17, 14, 48, 113, 77, 27, 104, 124, 116, 26, 2] ,signature: [0, 0, 0, 1, 0, 0, 0, 1, 1, 1, 0, 0, 1, 1] ),Support: 18
Class: 0.0 , Rule:(neurons: [65, 22, 28, 17, 14, 48, 113, 77, 27, 104, 124, 116, 102, 68, 75, 15, 91, 69] ,signature: [0, 0, 0, 1, 0, 0, 0, 1, 1, 1, 0, 1, 0, 0, 0, 0, 0, 0] ),Support: 18
Class: 0.0 , Rule:(neurons: [65, 22, 28, 19, 62, 104, 118, 79, 61, 55, 81, 13, 74] ,signature: [0, 0, 1, 1, 1, 1, 1, 0, 0, 1, 1, 1, 0] ),Support: 17
Class: 0.0 , Rule:(neurons: [65, 22, 28, 17, 14, 48, 113, 19, 76, 127, 104, 57, 116] ,signature: [0, 0, 0, 1, 0, 0, 1, 0, 0, 1, 1, 0, 1] ),Support: 15
Class: 0.0 , Rule:(neurons: [65, 22, 28, 19, 68, 116, 8, 104, 79, 24, 62, 26] ,signature: [0, 0, 1, 0, 0, 1, 1, 1, 0, 0, 1, 0] ),Support: 15
Class: 0.0 , Rule:(neurons: [65, 22, 28, 17, 14, 48, 113, 77, 27, 104, 124, 116, 102, 68, 75, 79, 94, 115, 118] ,signature: [0, 0, 0, 1, 0, 0, 0, 1, 1, 1, 0, 1, 0, 0, 1, 0, 1, 1, 1] ),Support: 14
Class: 0.0 , Rule:(neurons: [65, 22, 28, 19, 68, 116, 8, 104, 79, 24, 54, 122, 102, 51] ,signature: [0, 0, 1, 0, 0, 1, 1, 1, 0, 1, 1, 0, 1, 0] ),Support: 14
Class: 0.0 , Rule:(neurons: [65, 22, 28, 19, 62, 104, 118, 79, 61, 55, 81, 13, 46, 110] ,signature: [0, 0, 1, 1, 1, 1, 1, 0, 0, 1, 1, 0, 1, 1] ),Support: 12
Class: 0.0 , Rule:(neurons: [65, 22, 28, 19, 68, 116, 8, 104, 79, 24, 54, 122, 102, 119, 48, 121, 46, 109, 55, 57, 124, 101, 76, 29] ,signature: [0, 0, 1, 0, 0, 1, 1, 1, 0, 1, 1, 0, 0, 1, 0, 0, 0, 1, 1, 0, 1, 0, 1, 0] ),Support: 11
Class: 0.0 , Rule:(neurons: [65, 22, 28, 19, 62, 17, 66, 80, 73, 77, 27, 83] ,signature: [0, 0, 1, 1, 0, 1, 1, 0, 0, 1, 1, 0] ),Support: 11
Class: 0.0 , Rule:(neurons: [65, 22, 28, 17, 96, 62, 74, 122, 45, 104, 8, 57] ,signature: [0, 0, 0, 0, 0, 1, 1, 0, 0, 1, 1, 0] ),Support: 8
Class: 0.0 , Rule:(neurons: [65, 22, 28, 17, 14, 48, 113, 77, 27, 104, 124, 116, 102, 44, 5] ,signature: [0, 0, 0, 1, 0, 0, 0, 1, 1, 1, 0, 1, 1, 0, 1] ),Support: 8
Class: 0.0 , Rule:(neurons: [65, 22, 28, 19, 68, 116, 8, 104, 79, 24, 54, 122, 102, 119, 27, 5, 57, 1, 26, 44, 15] ,signature: [0, 0, 1, 0, 0, 1, 1, 1, 0, 1, 1, 0, 0, 0, 1, 1, 0, 0, 0, 1, 0] ),Support: 8
Class: 0.0 , Rule:(neurons: [65, 91, 82, 63, 28, 61, 62, 17, 13, 68] ,signature: [1, 1, 1, 0, 1, 0, 1, 1, 0, 0] ),Support: 8
Class: 0.0 , Rule:(neurons: [65, 22, 28, 17, 14, 48, 113, 77, 27, 35, 116, 123, 71] ,signature: [0, 0, 0, 1, 0, 0, 0, 1, 0, 0, 1, 0, 1] ),Support: 7
Class: 0.0 , Rule:(neurons: [65, 22, 28, 17, 14, 48, 113, 77, 27, 104, 124, 122, 8, 84] ,signature: [0, 0, 0, 1, 0, 0, 0, 1, 1, 1, 1, 0, 1, 0] ),Support: 7
Class: 0.0 , Rule:(neurons: [65, 22, 28, 17, 14, 48, 113, 19, 76, 127, 104, 57, 34, 69] ,signature: [0, 0, 0, 1, 0, 0, 1, 0, 0, 1, 1, 1, 0, 0] ),Support: 7
Class: 0.0 , Rule:(neurons: [65, 22, 28, 19, 68, 116, 8, 96, 113, 88] ,signature: [0, 0, 1, 0, 0, 1, 0, 0, 0, 0] ),Support: 7
Class: 0.0 , Rule:(neurons: [65, 22, 28, 19, 68, 116, 8, 104, 79, 24, 54, 122, 102, 119, 48, 3] ,signature: [0, 0, 1, 0, 0, 1, 1, 1, 0, 1, 1, 0, 0, 1, 1, 1] ),Support: 7
Class: 0.0 , Rule:(neurons: [65, 91, 62, 25, 1, 94, 104, 108, 97, 52, 82, 75] ,signature: [1, 0, 1, 0, 0, 1, 1, 1, 0, 0, 1, 1] ),Support: 7
Class: 0.0 , Rule:(neurons: [65, 22, 28, 17, 14, 48, 113, 77, 79, 122, 102, 20, 59] ,signature: [0, 0, 0, 1, 0, 0, 0, 0, 0, 0, 0, 0, 0] ),Support: 6
Class: 0.0 , Rule:(neurons: [65, 22, 28, 19, 68, 116, 8, 104, 79, 24, 54, 122, 102, 119, 48, 121, 46, 109, 55, 57, 62, 36] ,signature: [0, 0, 1, 0, 0, 1, 1, 1, 0, 1, 1, 0, 0, 1, 0, 0, 0, 1, 1, 1, 0, 0] ),Support: 6
Class: 0.0 , Rule:(neurons: [65, 91, 62, 4, 106, 1, 49, 79, 52, 66, 5, 57, 27, 55] ,signature: [1, 0, 0, 0, 1, 0, 0, 1, 1, 1, 1, 0, 1, 1] ),Support: 6
Class: 0.0 , Rule:(neurons: [65, 91, 62, 25, 1, 94, 63, 45, 2, 61, 51, 28] ,signature: [1, 0, 1, 0, 0, 0, 1, 1, 0, 0, 0, 1] ),Support: 6
Class: 0.0 , Rule:(neurons: [65, 91, 82, 63, 127, 25, 62, 94, 71, 121, 116, 13, 47, 92] ,signature: [1, 1, 1, 1, 1, 0, 1, 1, 0, 0, 1, 0, 1, 1] ),Support: 6
Class: 0.0 , Rule:(neurons: [65, 22, 28, 17, 96, 118, 62, 104, 122, 20, 106, 82] ,signature: [0, 0, 0, 0, 1, 1, 1, 0, 0, 0, 0, 0] ),Support: 5
Class: 0.0 , Rule:(neurons: [65, 22, 28, 17, 96, 118, 62, 104, 35, 45, 13, 0, 71] ,signature: [0, 0, 0, 0, 1, 1, 1, 1, 1, 0, 0, 1, 0] ),Support: 5
Class: 0.0 , Rule:(neurons: [65, 22, 28, 17, 14, 48, 113, 77, 27, 104, 124, 116, 26, 89] ,signature: [0, 0, 0, 1, 0, 0, 0, 1, 1, 1, 0, 0, 0, 0] ),Support: 5
Class: 0.0 , Rule:(neurons: [65, 22, 28, 19, 68, 116, 8, 104, 79, 24, 54, 122, 55, 26] ,signature: [0, 0, 1, 0, 0, 1, 1, 1, 0, 1, 1, 1, 1, 0] ),Support: 5
Class: 0.0 , Rule:(neurons: [65, 22, 28, 19, 68, 29, 66, 110, 43, 97] ,signature: [0, 0, 1, 0, 1, 0, 0, 1, 0, 0] ),Support: 5
Class: 0.0 , Rule:(neurons: [65, 22, 28, 19, 68, 29, 45, 116, 25] ,signature: [0, 0, 1, 0, 1, 1, 1, 1, 0] ),Support: 5
Class: 0.0 , Rule:(neurons: [65, 22, 28, 19, 62, 104, 118, 99, 79, 49, 2, 86, 34] ,signature: [0, 0, 1, 1, 1, 1, 0, 1, 0, 0, 1, 1, 1] ),Support: 5
Class: 0.0 , Rule:(neurons: [65, 22, 28, 19, 62, 104, 118, 79, 25, 81, 78] ,signature: [0, 0, 1, 1, 1, 1, 1, 1, 0, 1, 0] ),Support: 5
Class: 0.0 , Rule:(neurons: [65, 91, 82, 63, 127, 86, 62, 14, 57, 34] ,signature: [1, 1, 1, 1, 0, 0, 1, 0, 0, 1] ),Support: 5
Class: 0.0 , Rule:(neurons: [65, 22, 28, 17, 96, 118, 62, 104, 35, 45, 81, 47, 11, 116] ,signature: [0, 0, 0, 0, 1, 1, 1, 1, 1, 1, 1, 1, 1, 1] ),Support: 4
Class: 0.0 , Rule:(neurons: [65, 22, 28, 17, 14, 48, 113, 77, 79, 122, 102, 20, 104, 86, 11, 34] ,signature: [0, 0, 0, 1, 0, 0, 0, 0, 0, 0, 0, 1, 1, 1, 1, 0] ),Support: 4
Class: 0.0 , Rule:(neurons: [65, 22, 28, 17, 14, 48, 113, 19, 76, 127, 97, 43, 20] ,signature: [0, 0, 0, 1, 0, 0, 1, 0, 0, 0, 1, 0, 0] ),Support: 4
Class: 0.0 , Rule:(neurons: [65, 22, 28, 17, 14, 48, 113, 19, 105, 62, 127, 9, 35] ,signature: [0, 0, 0, 1, 0, 0, 1, 1, 0, 1, 1, 0, 0] ),Support: 4
Class: 0.0 , Rule:(neurons: [65, 22, 28, 17, 14, 29, 10, 106, 5, 115] ,signature: [0, 0, 0, 1, 1, 1, 0, 0, 1, 0] ),Support: 4
Class: 0.0 , Rule:(neurons: [65, 22, 28, 19, 68, 116, 8, 104, 79, 24, 54, 122, 102, 119, 48, 121, 46, 109, 55, 57, 124, 101, 76, 29, 32] ,signature: [0, 0, 1, 0, 0, 1, 1, 1, 0, 1, 1, 0, 0, 1, 0, 0, 0, 1, 1, 0, 1, 0, 1, 1, 1] ),Support: 4
Class: 0.0 , Rule:(neurons: [65, 22, 28, 19, 68, 29, 66, 91, 25, 20, 49] ,signature: [0, 0, 1, 0, 1, 0, 1, 0, 0, 0, 0] ),Support: 4
Class: 0.0 , Rule:(neurons: [65, 91, 62, 4, 106, 1, 49, 79, 52, 77, 27] ,signature: [1, 0, 0, 0, 1, 0, 0, 1, 0, 1, 1] ),Support: 4
Class: 0.0 , Rule:(neurons: [65, 91, 62, 25, 1, 94, 63, 15, 54, 33] ,signature: [1, 0, 1, 0, 0, 0, 0, 0, 1, 0] ),Support: 4
Class: 0.0 , Rule:(neurons: [65, 91, 62, 25, 1, 94, 104, 108, 24, 34, 5, 36, 118, 44] ,signature: [1, 0, 1, 0, 0, 1, 1, 0, 1, 1, 1, 1, 1, 1] ),Support: 4
Class: 0.0 , Rule:(neurons: [65, 91, 82, 63, 28, 61, 62, 113] ,signature: [1, 1, 1, 0, 1, 0, 0, 0] ),Support: 4
Class: 0.0 , Rule:(neurons: [65, 22, 28, 17, 96, 62, 74, 68, 116, 79, 101, 86, 113] ,signature: [0, 0, 0, 0, 0, 1, 0, 0, 1, 0, 1, 1, 1] ),Support: 3
Class: 0.0 , Rule:(neurons: [65, 22, 28, 17, 14, 48, 113, 77, 27, 104, 124, 116, 102, 68, 75, 79, 94, 108, 42, 127] ,signature: [0, 0, 0, 1, 0, 0, 0, 1, 1, 1, 0, 1, 0, 0, 1, 0, 0, 1, 0, 0] ),Support: 3
Class: 0.0 , Rule:(neurons: [65, 22, 28, 17, 14, 48, 113, 77, 27, 104, 124, 116, 102, 68, 75, 79, 94, 108, 42, 82, 62] ,signature: [0, 0, 0, 1, 0, 0, 0, 1, 1, 1, 0, 1, 0, 0, 1, 0, 0, 1, 1, 0, 0] ),Support: 3
Class: 0.0 , Rule:(neurons: [65, 22, 28, 17, 14, 48, 113, 77, 27, 104, 124, 116, 102, 68, 75, 79, 94, 115, 118, 38] ,signature: [0, 0, 0, 1, 0, 0, 0, 1, 1, 1, 0, 1, 0, 0, 1, 0, 1, 1, 0, 1] ),Support: 3
Class: 0.0 , Rule:(neurons: [65, 22, 28, 17, 14, 48, 113, 19, 76, 127, 97, 108, 91, 89, 105] ,signature: [0, 0, 0, 1, 0, 0, 1, 0, 0, 0, 0, 1, 0, 0, 0] ),Support: 3
Class: 0.0 , Rule:(neurons: [65, 22, 28, 17, 14, 48, 113, 19, 76, 52, 62, 51, 68, 116, 98, 78, 20] ,signature: [0, 0, 0, 1, 0, 0, 1, 0, 1, 1, 0, 0, 0, 0, 0, 0, 1] ),Support: 3
Class: 0.0 , Rule:(neurons: [65, 22, 28, 17, 14, 48, 113, 19, 105, 61, 62, 11, 91, 104, 26] ,signature: [0, 0, 0, 1, 0, 0, 1, 1, 1, 0, 1, 0, 0, 1, 1] ),Support: 3
Class: 0.0 , Rule:(neurons: [65, 22, 28, 17, 14, 48, 113, 19, 105, 61, 62, 11, 124, 5] ,signature: [0, 0, 0, 1, 0, 0, 1, 1, 1, 0, 1, 1, 0, 1] ),Support: 3
Class: 0.0 , Rule:(neurons: [65, 22, 28, 19, 68, 116, 8, 104, 79, 24, 54, 122, 102, 119, 48, 121, 46, 109, 71, 13] ,signature: [0, 0, 1, 0, 0, 1, 1, 1, 0, 1, 1, 0, 0, 1, 0, 0, 0, 0, 0, 1] ),Support: 3
Class: 0.0 , Rule:(neurons: [65, 22, 28, 19, 68, 29, 66, 110, 43, 11, 38, 113, 49, 52, 62, 33] ,signature: [0, 0, 1, 0, 1, 0, 0, 1, 1, 0, 0, 1, 0, 0, 1, 0] ),Support: 3
Class: 0.0 , Rule:(neurons: [65, 22, 28, 19, 62, 17, 66, 80, 38, 51, 2, 77, 64, 108] ,signature: [0, 0, 1, 1, 0, 1, 1, 1, 0, 0, 1, 1, 0, 0] ),Support: 3
Class: 0.0 , Rule:(neurons: [65, 91, 62, 4, 106, 1, 49, 79, 55, 9, 42, 115, 48, 110, 59] ,signature: [1, 0, 0, 0, 1, 0, 0, 0, 0, 0, 1, 0, 0, 0, 0] ),Support: 3
Class: 0.0 , Rule:(neurons: [65, 91, 62, 4, 106, 1, 49, 79, 55, 32, 123, 80, 73, 20] ,signature: [1, 0, 0, 0, 1, 0, 0, 0, 1, 1, 1, 0, 0, 0] ),Support: 3
Class: 0.0 , Rule:(neurons: [65, 91, 62, 25, 1, 94, 104, 108, 24, 35, 102, 78] ,signature: [1, 0, 1, 0, 0, 1, 1, 0, 0, 1, 0, 0] ),Support: 3
Class: 0.0 , Rule:(neurons: [65, 91, 62, 25, 19, 79, 1, 51, 102, 11, 64] ,signature: [1, 0, 1, 1, 0, 0, 0, 0, 0, 1, 0] ),Support: 3
Class: 0.0 , Rule:(neurons: [65, 91, 82, 84, 71, 108, 1, 20, 21, 96, 55] ,signature: [1, 1, 0, 0, 1, 0, 0, 0, 1, 0, 0] ),Support: 3
Class: 0.0 , Rule:(neurons: [65, 22, 28, 17, 96, 62, 45, 29, 43, 34, 126, 105, 26, 21] ,signature: [0, 0, 0, 0, 0, 0, 0, 0, 1, 1, 1, 0, 0, 1] ),Support: 2
Class: 0.0 , Rule:(neurons: [65, 22, 28, 17, 96, 62, 74, 68, 116, 79, 101, 14] ,signature: [0, 0, 0, 0, 0, 1, 0, 0, 1, 0, 0, 1] ),Support: 2
Class: 0.0 , Rule:(neurons: [65, 22, 28, 17, 96, 62, 74, 68, 78, 36, 30] ,signature: [0, 0, 0, 0, 0, 1, 0, 1, 0, 1, 1] ),Support: 2
Class: 0.0 , Rule:(neurons: [65, 22, 28, 17, 96, 118, 62, 104, 35, 45, 13, 0, 71, 43] ,signature: [0, 0, 0, 0, 1, 1, 1, 1, 1, 0, 0, 1, 1, 0] ),Support: 2
Class: 0.0 , Rule:(neurons: [65, 22, 28, 17, 14, 48, 113, 77, 79, 122, 43, 11] ,signature: [0, 0, 0, 1, 0, 0, 0, 0, 0, 1, 0, 1] ),Support: 2
Class: 0.0 , Rule:(neurons: [65, 22, 28, 17, 14, 48, 113, 77, 27, 104, 0, 119, 83, 121, 63, 43] ,signature: [0, 0, 0, 1, 0, 0, 0, 1, 1, 0, 0, 1, 1, 1, 1, 0] ),Support: 2
Class: 0.0 , Rule:(neurons: [65, 22, 28, 17, 14, 48, 113, 77, 27, 104, 124, 116, 102, 68, 75, 79, 94, 115, 52] ,signature: [0, 0, 0, 1, 0, 0, 0, 1, 1, 1, 0, 1, 0, 0, 1, 0, 1, 0, 0] ),Support: 2
Class: 0.0 , Rule:(neurons: [65, 22, 28, 17, 14, 48, 113, 19, 76, 127, 97, 108, 118, 4, 114, 104, 7] ,signature: [0, 0, 0, 1, 0, 0, 1, 0, 0, 0, 0, 0, 0, 0, 1, 1, 1] ),Support: 2
Class: 0.0 , Rule:(neurons: [65, 22, 28, 17, 14, 48, 113, 19, 76, 127, 97, 43, 69, 51, 1, 105] ,signature: [0, 0, 0, 1, 0, 0, 1, 0, 0, 0, 1, 1, 0, 0, 0, 0] ),Support: 2
Class: 0.0 , Rule:(neurons: [65, 22, 28, 17, 14, 48, 113, 19, 76, 52, 122, 79, 57, 104, 124, 47, 83] ,signature: [0, 0, 0, 1, 0, 0, 1, 0, 1, 0, 0, 0, 1, 1, 0, 1, 0] ),Support: 2
Class: 0.0 , Rule:(neurons: [65, 22, 28, 17, 14, 48, 45, 113, 62, 79, 84] ,signature: [0, 0, 0, 1, 0, 1, 0, 1, 0, 0, 0] ),Support: 2
Class: 0.0 , Rule:(neurons: [65, 22, 28, 17, 14, 29, 10, 106, 5, 115, 108, 118, 19, 74] ,signature: [0, 0, 0, 1, 1, 1, 0, 0, 1, 1, 0, 1, 0, 0] ),Support: 2
Class: 0.0 , Rule:(neurons: [65, 22, 28, 19, 68, 116, 8, 104, 43, 34, 66, 38, 105, 64] ,signature: [0, 0, 1, 0, 0, 1, 1, 0, 1, 1, 0, 0, 0, 0] ),Support: 2
Class: 0.0 , Rule:(neurons: [65, 22, 28, 19, 68, 116, 8, 104, 79, 24, 54, 122, 102, 119, 27, 5, 57, 1, 26, 101] ,signature: [0, 0, 1, 0, 0, 1, 1, 1, 0, 1, 1, 0, 0, 0, 1, 1, 0, 0, 1, 1] ),Support: 2
Class: 0.0 , Rule:(neurons: [65, 22, 28, 19, 68, 116, 8, 104, 79, 24, 54, 122, 102, 119, 48, 121, 46, 109, 55, 1, 40, 64] ,signature: [0, 0, 1, 0, 0, 1, 1, 1, 0, 1, 1, 0, 0, 1, 0, 0, 0, 1, 0, 0, 1, 0] ),Support: 2
Class: 0.0 , Rule:(neurons: [65, 22, 28, 19, 68, 116, 8, 104, 79, 115, 77, 2] ,signature: [0, 0, 1, 0, 0, 1, 1, 1, 1, 1, 1, 1] ),Support: 2
Class: 0.0 , Rule:(neurons: [65, 22, 28, 19, 68, 29, 66, 110, 43, 11, 38, 113, 49, 40, 71, 83] ,signature: [0, 0, 1, 0, 1, 0, 0, 1, 1, 0, 0, 1, 1, 1, 0, 0] ),Support: 2
Class: 0.0 , Rule:(neurons: [65, 22, 28, 19, 68, 29, 66, 110, 43, 11, 38, 45] ,signature: [0, 0, 1, 0, 1, 0, 0, 1, 1, 0, 1, 1] ),Support: 2
Class: 0.0 , Rule:(neurons: [65, 22, 28, 19, 68, 29, 45, 57, 24, 38, 116] ,signature: [0, 0, 1, 0, 1, 1, 0, 1, 1, 1, 1] ),Support: 2
Class: 0.0 , Rule:(neurons: [65, 22, 28, 19, 62, 17, 66, 79, 104, 99, 52, 123] ,signature: [0, 0, 1, 1, 0, 1, 0, 0, 0, 1, 0, 0] ),Support: 2
Class: 0.0 , Rule:(neurons: [65, 22, 28, 19, 62, 17, 66, 79, 110, 123] ,signature: [0, 0, 1, 1, 0, 1, 0, 1, 1, 0] ),Support: 2
Class: 0.0 , Rule:(neurons: [65, 22, 28, 19, 62, 104, 99, 11, 110, 116, 3, 64] ,signature: [0, 0, 1, 1, 1, 0, 0, 0, 0, 1, 0, 0] ),Support: 2
Class: 0.0 , Rule:(neurons: [65, 22, 28, 19, 62, 104, 99, 11, 9, 118, 5] ,signature: [0, 0, 1, 1, 1, 0, 0, 1, 1, 1, 1] ),Support: 2
Class: 0.0 , Rule:(neurons: [65, 22, 28, 19, 62, 104, 118, 99, 11, 38] ,signature: [0, 0, 1, 1, 1, 1, 0, 0, 1, 1] ),Support: 2
Class: 0.0 , Rule:(neurons: [65, 22, 28, 19, 62, 104, 118, 79, 61, 55, 2] ,signature: [0, 0, 1, 1, 1, 1, 1, 0, 0, 0, 0] ),Support: 2
Class: 0.0 , Rule:(neurons: [65, 22, 61, 26, 94, 1, 118, 108, 25, 16, 119, 11, 36, 77] ,signature: [0, 1, 0, 1, 1, 0, 0, 1, 0, 1, 1, 1, 0, 1] ),Support: 2
Class: 0.0 , Rule:(neurons: [65, 91, 62, 4, 106, 19, 20, 97, 75, 51, 92] ,signature: [1, 0, 0, 0, 0, 0, 1, 0, 1, 0, 0] ),Support: 2
Class: 0.0 , Rule:(neurons: [65, 91, 62, 4, 106, 1, 49, 79, 55, 9, 42, 96, 51, 10] ,signature: [1, 0, 0, 0, 1, 0, 0, 0, 0, 0, 0, 1, 0, 0] ),Support: 2
Class: 0.0 , Rule:(neurons: [65, 91, 62, 4, 25, 29, 108, 32, 17, 77] ,signature: [1, 0, 0, 1, 0, 1, 0, 1, 1, 1] ),Support: 2
Class: 0.0 , Rule:(neurons: [65, 91, 62, 25, 1, 94, 104, 108, 97, 52, 35, 55] ,signature: [1, 0, 1, 0, 0, 1, 1, 1, 0, 1, 0, 1] ),Support: 2
Class: 0.0 , Rule:(neurons: [65, 91, 62, 25, 19, 79, 1, 51, 88, 15, 55, 109, 115, 108] ,signature: [1, 0, 1, 1, 0, 0, 0, 1, 1, 0, 1, 1, 0, 0] ),Support: 2
Class: 0.0 , Rule:(neurons: [65, 91, 82, 84, 71, 55, 10, 26, 81, 47] ,signature: [1, 1, 0, 0, 0, 1, 1, 1, 1, 1] ),Support: 2
Class: 0.0 , Rule:(neurons: [65, 91, 82, 63, 127, 86, 62, 113, 28] ,signature: [1, 1, 1, 1, 0, 0, 0, 0, 1] ),Support: 2
Class: 0.0 , Rule:(neurons: [65, 22, 28, 17, 96, 62, 45, 29, 43, 34, 126, 124, 31] ,signature: [0, 0, 0, 0, 0, 0, 0, 0, 1, 1, 0, 0, 0] ),Support: 1
Class: 0.0 , Rule:(neurons: [65, 22, 28, 17, 96, 62, 74, 122, 45, 104, 34, 14] ,signature: [0, 0, 0, 0, 0, 1, 1, 0, 0, 0, 0, 1] ),Support: 1
Class: 0.0 , Rule:(neurons: [65, 22, 28, 17, 96, 62, 74, 122, 45, 104, 34, 29, 27, 94, 0] ,signature: [0, 0, 0, 0, 0, 1, 1, 0, 0, 0, 1, 0, 1, 1, 1] ),Support: 1
Class: 0.0 , Rule:(neurons: [65, 22, 28, 17, 96, 118, 0, 14, 62, 94, 122, 25, 34, 124] ,signature: [0, 0, 0, 0, 1, 0, 1, 0, 1, 0, 0, 0, 0, 0] ),Support: 1
Class: 0.0 , Rule:(neurons: [65, 22, 28, 17, 96, 118, 0, 14, 63, 10, 91, 20, 55, 7, 81] ,signature: [0, 0, 0, 0, 1, 0, 1, 1, 1, 0, 1, 0, 0, 1, 0] ),Support: 1
Class: 0.0 , Rule:(neurons: [65, 22, 28, 17, 96, 118, 62, 21, 29, 94, 91, 0, 68] ,signature: [0, 0, 0, 0, 1, 1, 0, 1, 1, 1, 1, 1, 0] ),Support: 1
Class: 0.0 , Rule:(neurons: [65, 22, 28, 17, 96, 118, 62, 104, 35, 45, 81, 47, 51, 16, 80] ,signature: [0, 0, 0, 0, 1, 1, 1, 1, 1, 1, 1, 0, 1, 1, 0] ),Support: 1
Class: 0.0 , Rule:(neurons: [65, 22, 28, 17, 14, 48, 113, 77, 79, 122, 102, 20, 104, 110, 124, 21, 83] ,signature: [0, 0, 0, 1, 0, 0, 0, 0, 0, 0, 0, 1, 0, 1, 0, 1, 1] ),Support: 1
Class: 0.0 , Rule:(neurons: [65, 22, 28, 17, 14, 48, 113, 77, 79, 122, 102, 20, 104, 86, 3, 49] ,signature: [0, 0, 0, 1, 0, 0, 0, 0, 0, 0, 0, 1, 1, 0, 0, 0] ),Support: 1
Class: 0.0 , Rule:(neurons: [65, 22, 28, 17, 14, 48, 113, 77, 79, 122, 102, 25, 2, 34] ,signature: [0, 0, 0, 1, 0, 0, 0, 0, 0, 0, 1, 0, 0, 0] ),Support: 1
Class: 0.0 , Rule:(neurons: [65, 22, 28, 17, 14, 48, 113, 77, 79, 122, 43, 11, 67, 63] ,signature: [0, 0, 0, 1, 0, 0, 0, 0, 0, 1, 0, 0, 1, 1] ),Support: 1
Class: 0.0 , Rule:(neurons: [65, 22, 28, 17, 14, 48, 113, 77, 79, 122, 43, 31, 110, 15, 11] ,signature: [0, 0, 0, 1, 0, 0, 0, 0, 0, 1, 1, 1, 1, 0, 1] ),Support: 1
Class: 0.0 , Rule:(neurons: [65, 22, 28, 17, 14, 48, 113, 77, 79, 122, 43, 31, 110, 15, 71, 98, 99, 57] ,signature: [0, 0, 0, 1, 0, 0, 0, 0, 0, 1, 1, 1, 1, 1, 1, 0, 1, 0] ),Support: 1
Class: 0.0 , Rule:(neurons: [65, 22, 28, 17, 14, 48, 113, 77, 79, 68, 20, 4, 62, 52, 97] ,signature: [0, 0, 0, 1, 0, 0, 0, 0, 1, 0, 0, 0, 0, 0, 1] ),Support: 1
Class: 0.0 , Rule:(neurons: [65, 22, 28, 17, 14, 48, 113, 77, 79, 68, 20, 5, 78, 29, 25, 116] ,signature: [0, 0, 0, 1, 0, 0, 0, 0, 1, 0, 1, 1, 1, 1, 0, 1] ),Support: 1
Class: 0.0 , Rule:(neurons: [65, 22, 28, 17, 14, 48, 113, 77, 27, 35, 116, 123, 71, 15] ,signature: [0, 0, 0, 1, 0, 0, 0, 1, 0, 0, 1, 0, 0, 1] ),Support: 1
Class: 0.0 , Rule:(neurons: [65, 22, 28, 17, 14, 48, 113, 77, 27, 35, 20, 4, 78, 106, 76] ,signature: [0, 0, 0, 1, 0, 0, 0, 1, 0, 1, 1, 1, 0, 0, 1] ),Support: 1
Class: 0.0 , Rule:(neurons: [65, 22, 28, 17, 14, 48, 113, 77, 27, 104, 124, 116, 26, 2, 52] ,signature: [0, 0, 0, 1, 0, 0, 0, 1, 1, 1, 0, 0, 1, 0, 1] ),Support: 1
Class: 0.0 , Rule:(neurons: [65, 22, 28, 17, 14, 48, 113, 77, 27, 104, 124, 116, 102, 68, 75, 15, 91, 69, 123] ,signature: [0, 0, 0, 1, 0, 0, 0, 1, 1, 1, 0, 1, 0, 0, 0, 0, 0, 1, 0] ),Support: 1
Class: 0.0 , Rule:(neurons: [65, 22, 28, 17, 14, 48, 113, 77, 27, 104, 124, 116, 102, 68, 110, 119] ,signature: [0, 0, 0, 1, 0, 0, 0, 1, 1, 1, 0, 1, 0, 1, 1, 1] ),Support: 1
Class: 0.0 , Rule:(neurons: [65, 22, 28, 17, 14, 48, 113, 19, 76, 127, 97, 108, 118, 104, 109, 44, 57, 124, 0] ,signature: [0, 0, 0, 1, 0, 0, 1, 0, 0, 0, 0, 0, 1, 1, 1, 0, 1, 0, 0] ),Support: 1
Class: 0.0 , Rule:(neurons: [65, 22, 28, 17, 14, 48, 113, 19, 76, 127, 97, 108, 91, 89, 51, 121] ,signature: [0, 0, 0, 1, 0, 0, 1, 0, 0, 0, 0, 1, 0, 1, 0, 0] ),Support: 1
Class: 0.0 , Rule:(neurons: [65, 22, 28, 17, 14, 48, 113, 19, 76, 127, 104, 0, 21, 29, 94, 3, 116, 98] ,signature: [0, 0, 0, 1, 0, 0, 1, 0, 0, 1, 0, 0, 1, 1, 0, 1, 0, 1] ),Support: 1
Class: 0.0 , Rule:(neurons: [65, 22, 28, 17, 14, 48, 113, 19, 76, 127, 104, 57, 34, 36, 121, 98] ,signature: [0, 0, 0, 1, 0, 0, 1, 0, 0, 1, 1, 1, 1, 0, 0, 1] ),Support: 1
Class: 0.0 , Rule:(neurons: [65, 22, 28, 17, 14, 48, 113, 19, 76, 52, 122, 79, 57, 104, 31, 11, 69, 45] ,signature: [0, 0, 0, 1, 0, 0, 1, 0, 1, 0, 0, 0, 1, 0, 1, 1, 1, 1] ),Support: 1
Class: 0.0 , Rule:(neurons: [65, 22, 28, 17, 14, 48, 113, 19, 76, 52, 122, 39, 9, 31, 94, 105, 123] ,signature: [0, 0, 0, 1, 0, 0, 1, 0, 1, 0, 1, 1, 0, 1, 0, 0, 0] ),Support: 1
Class: 0.0 , Rule:(neurons: [65, 22, 28, 17, 14, 48, 113, 19, 76, 52, 62, 51, 38, 82, 45, 43] ,signature: [0, 0, 0, 1, 0, 0, 1, 0, 1, 1, 0, 1, 0, 1, 0, 0] ),Support: 1
Class: 0.0 , Rule:(neurons: [65, 22, 28, 17, 14, 48, 113, 19, 105, 62, 44, 66, 116, 47, 119, 2, 27, 123] ,signature: [0, 0, 0, 1, 0, 0, 1, 1, 0, 0, 0, 0, 1, 1, 1, 1, 1, 1] ),Support: 1
Class: 0.0 , Rule:(neurons: [65, 22, 28, 17, 14, 48, 113, 19, 105, 62, 44, 66, 91, 80, 79, 5, 110] ,signature: [0, 0, 0, 1, 0, 0, 1, 1, 0, 0, 0, 1, 0, 0, 0, 1, 1] ),Support: 1
Class: 0.0 , Rule:(neurons: [65, 22, 28, 17, 14, 48, 113, 19, 105, 62, 127, 9, 35, 3, 92, 33, 4, 5] ,signature: [0, 0, 0, 1, 0, 0, 1, 1, 0, 1, 1, 0, 1, 1, 0, 1, 0, 1] ),Support: 1
Class: 0.0 , Rule:(neurons: [65, 22, 28, 17, 14, 48, 113, 19, 105, 61, 26, 4, 83, 96, 123, 47] ,signature: [0, 0, 0, 1, 0, 0, 1, 1, 1, 1, 1, 0, 1, 1, 1, 1] ),Support: 1
Class: 0.0 , Rule:(neurons: [65, 22, 28, 17, 14, 48, 45, 113, 62, 61, 4, 108, 34] ,signature: [0, 0, 0, 1, 0, 1, 0, 1, 1, 0, 1, 1, 1] ),Support: 1
Class: 0.0 , Rule:(neurons: [65, 22, 28, 17, 14, 48, 45, 4, 61, 84, 127, 16, 121, 92] ,signature: [0, 0, 0, 1, 0, 1, 1, 0, 0, 0, 0, 1, 0, 1] ),Support: 1
Class: 0.0 , Rule:(neurons: [65, 22, 28, 17, 14, 48, 45, 4, 61, 84, 127, 27, 96] ,signature: [0, 0, 0, 1, 0, 1, 1, 0, 0, 0, 1, 1, 1] ),Support: 1
Class: 0.0 , Rule:(neurons: [65, 22, 28, 17, 14, 48, 45, 4, 61, 84, 69, 92, 77] ,signature: [0, 0, 0, 1, 0, 1, 1, 0, 0, 1, 0, 0, 1] ),Support: 1
Class: 0.0 , Rule:(neurons: [65, 22, 28, 17, 14, 48, 45, 4, 61, 84, 69, 92, 118, 44, 1, 85, 19] ,signature: [0, 0, 0, 1, 0, 1, 1, 0, 0, 1, 0, 1, 1, 1, 0, 0, 0] ),Support: 1
Class: 0.0 , Rule:(neurons: [65, 22, 28, 17, 14, 48, 45, 4, 94, 9, 44, 27, 55, 21] ,signature: [0, 0, 0, 1, 0, 1, 1, 1, 0, 0, 0, 0, 1, 1] ),Support: 1
Class: 0.0 , Rule:(neurons: [65, 22, 28, 17, 14, 29, 43, 62, 51, 3, 124, 68, 99, 27] ,signature: [0, 0, 0, 1, 1, 0, 1, 0, 0, 0, 1, 0, 0, 1] ),Support: 1
Class: 0.0 , Rule:(neurons: [65, 22, 28, 17, 14, 29, 43, 62, 51, 13] ,signature: [0, 0, 0, 1, 1, 0, 1, 0, 1, 1] ),Support: 1
Class: 0.0 , Rule:(neurons: [65, 22, 28, 17, 14, 29, 43, 62, 91, 49, 127, 84, 74, 48, 45] ,signature: [0, 0, 0, 1, 1, 0, 1, 1, 0, 0, 0, 0, 0, 0, 0] ),Support: 1
Class: 0.0 , Rule:(neurons: [65, 22, 28, 17, 14, 29, 43, 62, 91, 49, 15, 20, 40] ,signature: [0, 0, 0, 1, 1, 0, 1, 1, 0, 1, 0, 0, 0] ),Support: 1
Class: 0.0 , Rule:(neurons: [65, 22, 28, 17, 14, 29, 10, 106, 5, 64, 104, 24, 32] ,signature: [0, 0, 0, 1, 1, 1, 0, 0, 0, 0, 1, 1, 0] ),Support: 1
Class: 0.0 , Rule:(neurons: [65, 22, 28, 17, 14, 29, 10, 106, 5, 115, 108, 118, 19, 74, 77] ,signature: [0, 0, 0, 1, 1, 1, 0, 0, 1, 1, 0, 1, 0, 1, 1] ),Support: 1
Class: 0.0 , Rule:(neurons: [65, 22, 28, 19, 68, 116, 45, 2, 126, 0, 113] ,signature: [0, 0, 1, 0, 0, 0, 1, 1, 1, 1, 0] ),Support: 1
Class: 0.0 , Rule:(neurons: [65, 22, 28, 19, 68, 116, 8, 96, 14, 24, 44, 40] ,signature: [0, 0, 1, 0, 0, 1, 0, 1, 0, 1, 1, 1] ),Support: 1
Class: 0.0 , Rule:(neurons: [65, 22, 28, 19, 68, 116, 8, 96, 14, 39, 63, 122, 74, 33] ,signature: [0, 0, 1, 0, 0, 1, 0, 1, 1, 1, 1, 0, 0, 1] ),Support: 1
Class: 0.0 , Rule:(neurons: [65, 22, 28, 19, 68, 116, 8, 104, 43, 34, 66, 38, 105, 17, 10, 39] ,signature: [0, 0, 1, 0, 0, 1, 1, 0, 1, 1, 0, 0, 1, 1, 0, 1] ),Support: 1
Class: 0.0 , Rule:(neurons: [65, 22, 28, 19, 68, 116, 8, 104, 79, 24, 62, 26, 3, 122] ,signature: [0, 0, 1, 0, 0, 1, 1, 1, 0, 0, 1, 1, 1, 0] ),Support: 1
Class: 0.0 , Rule:(neurons: [65, 22, 28, 19, 68, 116, 8, 104, 79, 24, 54, 122, 102, 119, 48, 121, 21, 78] ,signature: [0, 0, 1, 0, 0, 1, 1, 1, 0, 1, 1, 0, 0, 1, 0, 1, 0, 0] ),Support: 1
Class: 0.0 , Rule:(neurons: [65, 22, 28, 19, 68, 116, 8, 104, 79, 115, 77, 119, 17] ,signature: [0, 0, 1, 0, 0, 1, 1, 1, 1, 1, 0, 0, 1] ),Support: 1
Class: 0.0 , Rule:(neurons: [65, 22, 28, 19, 68, 29, 66, 110, 43, 11, 38, 113] ,signature: [0, 0, 1, 0, 1, 0, 0, 1, 1, 0, 0, 0] ),Support: 1
Class: 0.0 , Rule:(neurons: [65, 22, 28, 19, 68, 29, 66, 110, 43, 11, 119, 63, 49, 47, 71] ,signature: [0, 0, 1, 0, 1, 0, 0, 1, 1, 1, 1, 1, 0, 1, 0] ),Support: 1
Class: 0.0 , Rule:(neurons: [65, 22, 28, 19, 68, 29, 45, 57, 102, 86, 26] ,signature: [0, 0, 1, 0, 1, 1, 0, 0, 0, 0, 0] ),Support: 1
Class: 0.0 , Rule:(neurons: [65, 22, 28, 19, 62, 17, 34, 54, 126, 116, 99, 26, 13] ,signature: [0, 0, 1, 1, 0, 0, 1, 0, 1, 1, 0, 0, 1] ),Support: 1
Class: 0.0 , Rule:(neurons: [65, 22, 28, 19, 62, 17, 66, 79, 104, 99, 52, 123, 127, 35, 76, 21, 57, 43] ,signature: [0, 0, 1, 1, 0, 1, 0, 0, 0, 1, 0, 1, 1, 1, 1, 1, 0, 0] ),Support: 1
Class: 0.0 , Rule:(neurons: [65, 22, 28, 19, 62, 17, 66, 79, 104, 124, 68, 78, 99, 31] ,signature: [0, 0, 1, 1, 0, 1, 0, 0, 1, 0, 1, 1, 1, 1] ),Support: 1
Class: 0.0 , Rule:(neurons: [65, 22, 28, 19, 62, 17, 66, 79, 104, 124, 115, 42, 3] ,signature: [0, 0, 1, 1, 0, 1, 0, 0, 1, 1, 1, 1, 0] ),Support: 1
Class: 0.0 , Rule:(neurons: [65, 22, 28, 19, 62, 17, 66, 79, 110, 47, 29, 38] ,signature: [0, 0, 1, 1, 0, 1, 0, 1, 0, 0, 0, 0] ),Support: 1
Class: 0.0 , Rule:(neurons: [65, 22, 28, 19, 62, 17, 66, 79, 110, 47, 2, 109] ,signature: [0, 0, 1, 1, 0, 1, 0, 1, 0, 1, 0, 1] ),Support: 1
Class: 0.0 , Rule:(neurons: [65, 22, 28, 19, 62, 17, 66, 80, 73, 77, 64, 104, 7] ,signature: [0, 0, 1, 1, 0, 1, 1, 0, 0, 0, 0, 1, 1] ),Support: 1
Class: 0.0 , Rule:(neurons: [65, 22, 28, 19, 62, 17, 66, 80, 73, 77, 64, 26, 4] ,signature: [0, 0, 1, 1, 0, 1, 1, 0, 0, 0, 1, 1, 1] ),Support: 1
Class: 0.0 , Rule:(neurons: [65, 22, 28, 19, 62, 17, 66, 80, 38, 51, 2, 11, 64, 25, 89, 81] ,signature: [0, 0, 1, 1, 0, 1, 1, 1, 0, 0, 0, 1, 0, 0, 1, 1] ),Support: 1
Class: 0.0 , Rule:(neurons: [65, 22, 28, 19, 62, 17, 66, 80, 38, 51, 2, 77, 52, 43, 110, 4, 82, 47] ,signature: [0, 0, 1, 1, 0, 1, 1, 1, 0, 0, 1, 0, 0, 0, 0, 0, 0, 1] ),Support: 1
Class: 0.0 , Rule:(neurons: [65, 22, 28, 19, 62, 17, 66, 80, 38, 51, 2, 77, 52, 43, 110, 4] ,signature: [0, 0, 1, 1, 0, 1, 1, 1, 0, 0, 1, 0, 0, 0, 0, 1] ),Support: 1
Class: 0.0 , Rule:(neurons: [65, 22, 28, 19, 62, 17, 66, 80, 38, 51, 2, 77, 52, 43, 110] ,signature: [0, 0, 1, 1, 0, 1, 1, 1, 0, 0, 1, 0, 0, 0, 1] ),Support: 1
Class: 0.0 , Rule:(neurons: [65, 22, 28, 19, 62, 17, 66, 80, 38, 51, 2, 77, 52, 43, 63, 14, 113, 101] ,signature: [0, 0, 1, 1, 0, 1, 1, 1, 0, 0, 1, 0, 0, 1, 1, 0, 0, 1] ),Support: 1
Class: 0.0 , Rule:(neurons: [65, 22, 28, 19, 62, 17, 66, 80, 38, 51, 2, 77, 52, 0, 82] ,signature: [0, 0, 1, 1, 0, 1, 1, 1, 0, 0, 1, 0, 1, 1, 0] ),Support: 1
Class: 0.0 , Rule:(neurons: [65, 22, 28, 19, 62, 17, 66, 80, 38, 106, 42, 92, 43] ,signature: [0, 0, 1, 1, 0, 1, 1, 1, 1, 0, 0, 0, 0] ),Support: 1
Class: 0.0 , Rule:(neurons: [65, 22, 28, 19, 62, 104, 99, 11, 110, 27, 124] ,signature: [0, 0, 1, 1, 1, 0, 0, 0, 1, 0, 0] ),Support: 1
Class: 0.0 , Rule:(neurons: [65, 22, 28, 19, 62, 104, 99, 11, 110, 27, 126] ,signature: [0, 0, 1, 1, 1, 0, 0, 0, 1, 1, 0] ),Support: 1
Class: 0.0 , Rule:(neurons: [65, 22, 28, 19, 62, 104, 99, 11, 9, 38] ,signature: [0, 0, 1, 1, 1, 0, 0, 1, 0, 1] ),Support: 1
Class: 0.0 , Rule:(neurons: [65, 22, 28, 19, 62, 104, 99, 119, 11, 21, 20, 68] ,signature: [0, 0, 1, 1, 1, 0, 1, 1, 0, 1, 0, 0] ),Support: 1
Class: 0.0 , Rule:(neurons: [65, 22, 28, 19, 62, 104, 99, 119, 11, 21, 20, 89, 64] ,signature: [0, 0, 1, 1, 1, 0, 1, 1, 0, 1, 1, 0, 0] ),Support: 1
Class: 0.0 , Rule:(neurons: [65, 22, 28, 19, 62, 104, 99, 119, 11, 121, 44, 17, 106, 29] ,signature: [0, 0, 1, 1, 1, 0, 1, 1, 1, 1, 0, 0, 0, 1] ),Support: 1
Class: 0.0 , Rule:(neurons: [65, 22, 28, 19, 62, 104, 118, 99, 79, 49, 2, 86, 34, 5] ,signature: [0, 0, 1, 1, 1, 1, 0, 1, 0, 0, 1, 1, 0, 1] ),Support: 1
Class: 0.0 , Rule:(neurons: [65, 22, 28, 19, 62, 104, 118, 99, 79, 49, 66, 68] ,signature: [0, 0, 1, 1, 1, 1, 0, 1, 0, 1, 0, 0] ),Support: 1
Class: 0.0 , Rule:(neurons: [65, 22, 28, 19, 62, 104, 118, 79, 61, 55, 81, 40] ,signature: [0, 0, 1, 1, 1, 1, 1, 0, 0, 1, 0, 0] ),Support: 1
Class: 0.0 , Rule:(neurons: [65, 22, 28, 19, 62, 104, 118, 79, 61, 55, 81, 13, 74, 127] ,signature: [0, 0, 1, 1, 1, 1, 1, 0, 0, 1, 1, 1, 1, 0] ),Support: 1
Class: 0.0 , Rule:(neurons: [65, 22, 61, 26, 94, 25, 34, 118, 0, 101, 11, 36] ,signature: [0, 1, 0, 1, 0, 0, 1, 0, 1, 0, 1, 0] ),Support: 1
Class: 0.0 , Rule:(neurons: [65, 22, 61, 26, 94, 25, 34, 118, 0, 29, 116] ,signature: [0, 1, 0, 1, 0, 0, 1, 1, 1, 0, 1] ),Support: 1
Class: 0.0 , Rule:(neurons: [65, 22, 61, 26, 94, 1, 118, 108, 25, 0, 124, 99, 64, 20, 52, 19] ,signature: [0, 1, 0, 1, 1, 0, 0, 1, 1, 1, 1, 1, 1, 1, 1, 1] ),Support: 1
Class: 0.0 , Rule:(neurons: [65, 22, 61, 26, 94, 1, 118, 57, 74, 8, 69, 52, 38, 66, 11] ,signature: [0, 1, 0, 1, 1, 0, 1, 1, 1, 0, 1, 1, 0, 1, 1] ),Support: 1
Class: 0.0 , Rule:(neurons: [65, 22, 61, 26, 94, 1, 118, 57, 74, 8, 93, 113, 20, 62, 13, 116, 76, 38, 92] ,signature: [0, 1, 0, 1, 1, 0, 1, 1, 1, 1, 1, 1, 0, 1, 0, 1, 0, 0, 1] ),Support: 1
Class: 0.0 , Rule:(neurons: [65, 22, 61, 26, 94, 1, 118, 57, 74, 8, 93, 113, 20, 40, 35, 55] ,signature: [0, 1, 0, 1, 1, 0, 1, 1, 1, 1, 1, 1, 1, 1, 0, 1] ),Support: 1
Class: 0.0 , Rule:(neurons: [65, 22, 61, 26, 94, 1, 118, 57, 74, 8, 93, 113, 20, 40, 35, 69, 91, 55, 47, 52, 36, 108] ,signature: [0, 1, 0, 1, 1, 0, 1, 1, 1, 1, 1, 1, 1, 1, 1, 1, 0, 1, 1, 1, 1, 1] ),Support: 1
Class: 0.0 , Rule:(neurons: [65, 22, 61, 92, 47, 64, 84, 15, 57, 96, 5, 44, 89, 118, 38, 54, 67, 101, 76, 94, 51, 83] ,signature: [0, 1, 1, 1, 0, 1, 0, 1, 1, 1, 0, 0, 1, 0, 1, 1, 0, 1, 1, 0, 0, 0] ),Support: 1
Class: 0.0 , Rule:(neurons: [65, 22, 61, 92, 47, 108, 8, 39, 11, 28, 25, 68, 51] ,signature: [0, 1, 1, 1, 1, 1, 1, 1, 1, 1, 0, 0, 0] ),Support: 1
Class: 0.0 , Rule:(neurons: [65, 22, 61, 92, 47, 108, 8, 39, 11, 28, 25, 17, 1, 80] ,signature: [0, 1, 1, 1, 1, 1, 1, 1, 1, 1, 1, 1, 0, 0] ),Support: 1
Class: 0.0 , Rule:(neurons: [65, 91, 62, 4, 106, 19, 0, 89, 9] ,signature: [1, 0, 0, 0, 0, 1, 0, 0, 0] ),Support: 1
Class: 0.0 , Rule:(neurons: [65, 91, 62, 4, 106, 19, 0, 85, 9, 28, 97] ,signature: [1, 0, 0, 0, 0, 1, 1, 0, 0, 1, 1] ),Support: 1
Class: 0.0 , Rule:(neurons: [65, 91, 62, 4, 106, 19, 0, 85, 79, 29] ,signature: [1, 0, 0, 0, 0, 1, 1, 1, 0, 0] ),Support: 1
Class: 0.0 , Rule:(neurons: [65, 91, 62, 4, 106, 1, 49, 79, 55, 9, 42, 96, 45, 113] ,signature: [1, 0, 0, 0, 1, 0, 0, 0, 0, 0, 0, 0, 0, 0] ),Support: 1
Class: 0.0 , Rule:(neurons: [65, 91, 62, 4, 106, 1, 49, 79, 55, 9, 73, 83, 32, 113] ,signature: [1, 0, 0, 0, 1, 0, 0, 0, 0, 1, 0, 0, 0, 0] ),Support: 1
Class: 0.0 , Rule:(neurons: [65, 91, 62, 4, 106, 1, 49, 79, 52, 66, 88, 10, 74, 114] ,signature: [1, 0, 0, 0, 1, 0, 0, 1, 1, 0, 1, 0, 0, 1] ),Support: 1
Class: 0.0 , Rule:(neurons: [65, 91, 62, 4, 106, 1, 49, 79, 52, 66, 88, 10, 80] ,signature: [1, 0, 0, 0, 1, 0, 0, 1, 1, 0, 1, 1, 0] ),Support: 1
Class: 0.0 , Rule:(neurons: [65, 91, 62, 4, 106, 1, 16, 85, 82, 97, 86, 108, 115] ,signature: [1, 0, 0, 0, 1, 1, 1, 1, 1, 1, 0, 0, 0] ),Support: 1
Class: 0.0 , Rule:(neurons: [65, 91, 62, 4, 25, 29, 36, 1, 121, 94, 80, 48, 64, 33] ,signature: [1, 0, 0, 1, 0, 0, 0, 0, 0, 0, 0, 0, 0, 0] ),Support: 1
Class: 0.0 , Rule:(neurons: [65, 91, 62, 4, 25, 29, 36, 1, 121, 94, 35, 47, 124] ,signature: [1, 0, 0, 1, 0, 0, 0, 0, 0, 1, 1, 1, 0] ),Support: 1
Class: 0.0 , Rule:(neurons: [65, 91, 62, 4, 25, 97, 71, 1, 84, 123, 49, 94, 8] ,signature: [1, 0, 0, 1, 1, 0, 0, 0, 0, 0, 0, 0, 0] ),Support: 1
Class: 0.0 , Rule:(neurons: [65, 91, 62, 25, 1, 94, 63, 15, 0, 86, 108, 115] ,signature: [1, 0, 1, 0, 0, 0, 0, 1, 1, 0, 0, 0] ),Support: 1
Class: 0.0 , Rule:(neurons: [65, 91, 62, 25, 1, 94, 63, 45, 78, 28, 84, 44] ,signature: [1, 0, 1, 0, 0, 0, 1, 0, 0, 1, 1, 0] ),Support: 1
Class: 0.0 , Rule:(neurons: [65, 91, 62, 25, 1, 94, 63, 45, 78, 108, 32, 68, 33] ,signature: [1, 0, 1, 0, 0, 0, 1, 0, 1, 0, 0, 0, 0] ),Support: 1
Class: 0.0 , Rule:(neurons: [65, 91, 62, 25, 1, 94, 63, 45, 2, 61, 51, 122, 23] ,signature: [1, 0, 1, 0, 0, 0, 1, 1, 0, 0, 1, 0, 0] ),Support: 1
Class: 0.0 , Rule:(neurons: [65, 91, 62, 25, 1, 94, 63, 45, 2, 32, 13, 47, 20, 108, 42] ,signature: [1, 0, 1, 0, 0, 0, 1, 1, 1, 1, 0, 1, 0, 0, 1] ),Support: 1
Class: 0.0 , Rule:(neurons: [65, 91, 62, 25, 1, 94, 104, 108, 97, 102, 42, 89, 88] ,signature: [1, 0, 1, 0, 0, 1, 1, 1, 1, 0, 1, 0, 0] ),Support: 1
Class: 0.0 , Rule:(neurons: [65, 91, 62, 25, 19, 79, 1, 51, 88, 15, 55, 64, 108, 48, 97, 113] ,signature: [1, 0, 1, 1, 0, 0, 0, 1, 1, 0, 0, 0, 0, 0, 1, 0] ),Support: 1
Class: 0.0 , Rule:(neurons: [65, 91, 62, 25, 19, 73, 7, 4, 83, 55, 74] ,signature: [1, 0, 1, 1, 1, 0, 0, 0, 1, 1, 1] ),Support: 1
Class: 0.0 , Rule:(neurons: [65, 91, 62, 25, 19, 73, 7, 1, 24, 22, 34, 48, 29, 51] ,signature: [1, 0, 1, 1, 1, 0, 1, 1, 1, 0, 1, 0, 0, 0] ),Support: 1
Class: 0.0 , Rule:(neurons: [65, 91, 82, 84, 71, 55, 10, 26, 80, 0] ,signature: [1, 1, 0, 0, 0, 1, 1, 0, 0, 1] ),Support: 1
Class: 0.0 , Rule:(neurons: [65, 91, 82, 84, 71, 108, 1, 20, 21, 9, 46] ,signature: [1, 1, 0, 0, 1, 0, 0, 0, 0, 1, 0] ),Support: 1
Class: 0.0 , Rule:(neurons: [65, 91, 82, 63, 28, 5, 26, 69, 55, 17, 123] ,signature: [1, 1, 1, 0, 0, 1, 1, 1, 1, 1, 1] ),Support: 1
Class: 0.0 , Rule:(neurons: [65, 91, 82, 63, 127, 86, 108, 14, 16, 49] ,signature: [1, 1, 1, 1, 0, 1, 0, 0, 1, 0] ),Support: 1
Class: 0.0 , Rule:(neurons: [65, 91, 82, 63, 127, 86, 108, 99, 94, 14, 26, 73, 48, 29, 0, 80] ,signature: [1, 1, 1, 1, 0, 1, 1, 0, 0, 0, 0, 0, 0, 1, 1, 0] ),Support: 1
Class: 0.0 , Rule:(neurons: [65, 91, 82, 63, 127, 25, 62, 94, 47, 43, 57] ,signature: [1, 1, 1, 1, 1, 0, 1, 0, 0, 0, 0] ),Support: 1
Class: 0.0 , Rule:(neurons: [65, 91, 82, 63, 127, 25, 62, 94, 47, 5, 83, 11, 35] ,signature: [1, 1, 1, 1, 1, 0, 1, 0, 1, 1, 0, 1, 0] ),Support: 1
Class: 10.0 , Rule:(neurons: [65, 22, 28, 17, 14, 48, 45, 4, 61, 84, 69, 97, 46, 5, 123] ,signature: [0, 0, 0, 1, 0, 1, 1, 0, 0, 1, 1, 0, 0, 0, 0] ),Support: 2
Class: 10.0 , Rule:(neurons: [65, 91, 62, 4, 106, 1, 49, 79, 55, 9, 73, 83, 32, 113] ,signature: [1, 0, 0, 0, 1, 0, 0, 0, 0, 1, 0, 0, 0, 1] ),Support: 2
Class: 10.0 , Rule:(neurons: [65, 91, 62, 4, 106, 1, 49, 79, 52, 77, 85, 104, 28] ,signature: [1, 0, 0, 0, 1, 0, 0, 1, 0, 0, 0, 1, 1] ),Support: 2
Class: 10.0 , Rule:(neurons: [65, 91, 62, 4, 106, 1, 49, 20, 66, 92, 109, 119, 86] ,signature: [1, 0, 0, 0, 1, 0, 1, 0, 1, 0, 0, 1, 0] ),Support: 2
Class: 10.0 , Rule:(neurons: [65, 91, 62, 4, 106, 1, 16, 85, 84, 77, 94] ,signature: [1, 0, 0, 0, 1, 1, 1, 0, 1, 1, 0] ),Support: 2
Class: 10.0 , Rule:(neurons: [65, 91, 62, 25, 19, 79, 1, 51, 88, 15, 55, 109, 115, 108, 33] ,signature: [1, 0, 1, 1, 0, 0, 0, 1, 1, 0, 1, 1, 0, 1, 0] ),Support: 2
Class: 10.0 , Rule:(neurons: [65, 91, 62, 25, 19, 79, 21, 4, 5, 114, 94, 115] ,signature: [1, 0, 1, 1, 0, 1, 0, 0, 1, 0, 0, 0] ),Support: 2
Class: 10.0 , Rule:(neurons: [65, 22, 28, 17, 96, 62, 74, 68, 116, 79, 101, 86, 113] ,signature: [0, 0, 0, 0, 0, 1, 0, 0, 1, 0, 1, 1, 0] ),Support: 1
Class: 10.0 , Rule:(neurons: [65, 22, 28, 17, 96, 62, 74, 122, 45, 104, 8, 57] ,signature: [0, 0, 0, 0, 0, 1, 1, 0, 0, 1, 1, 1] ),Support: 1
Class: 10.0 , Rule:(neurons: [65, 22, 28, 17, 96, 118, 62, 104, 35, 45, 81, 47, 11, 20, 14, 122, 38, 83] ,signature: [0, 0, 0, 0, 1, 1, 1, 1, 1, 1, 1, 1, 0, 1, 0, 0, 1, 0] ),Support: 1
Class: 10.0 , Rule:(neurons: [65, 22, 28, 17, 14, 48, 113, 77, 79, 122, 102, 20, 104, 86, 3, 38, 40, 124, 89, 62] ,signature: [0, 0, 0, 1, 0, 0, 0, 0, 0, 0, 0, 1, 1, 0, 1, 0, 0, 0, 0, 1] ),Support: 1
Class: 10.0 , Rule:(neurons: [65, 22, 28, 17, 14, 48, 113, 77, 79, 122, 43, 11, 67] ,signature: [0, 0, 0, 1, 0, 0, 0, 0, 0, 1, 0, 0, 0] ),Support: 1
Class: 10.0 , Rule:(neurons: [65, 22, 28, 17, 14, 48, 113, 77, 79, 122, 43, 31, 110, 29] ,signature: [0, 0, 0, 1, 0, 0, 0, 0, 0, 1, 1, 1, 0, 1] ),Support: 1
Class: 10.0 , Rule:(neurons: [65, 22, 28, 17, 14, 48, 113, 77, 27, 104, 124, 116, 102, 68, 75, 15, 91, 69, 123] ,signature: [0, 0, 0, 1, 0, 0, 0, 1, 1, 1, 0, 1, 0, 0, 0, 0, 0, 1, 1] ),Support: 1
Class: 10.0 , Rule:(neurons: [65, 22, 28, 17, 14, 48, 113, 77, 27, 104, 124, 116, 102, 68, 75, 15, 91] ,signature: [0, 0, 0, 1, 0, 0, 0, 1, 1, 1, 0, 1, 0, 0, 0, 0, 1] ),Support: 1
Class: 10.0 , Rule:(neurons: [65, 22, 28, 17, 14, 48, 113, 77, 27, 104, 124, 116, 102, 68, 75, 79, 94, 108, 42, 82, 62] ,signature: [0, 0, 0, 1, 0, 0, 0, 1, 1, 1, 0, 1, 0, 0, 1, 0, 0, 1, 1, 0, 1] ),Support: 1
Class: 10.0 , Rule:(neurons: [65, 22, 28, 17, 14, 48, 113, 77, 27, 104, 124, 116, 102, 68, 75, 79, 15, 23] ,signature: [0, 0, 0, 1, 0, 0, 0, 1, 1, 1, 0, 1, 0, 0, 1, 1, 0, 0] ),Support: 1
Class: 10.0 , Rule:(neurons: [65, 22, 28, 17, 14, 48, 113, 19, 76, 127, 104, 0, 102, 20, 13, 11, 97, 114, 26, 122, 84, 52, 4, 33, 49, 62] ,signature: [0, 0, 0, 1, 0, 0, 1, 0, 0, 1, 0, 1, 0, 1, 0, 0, 0, 1, 0, 0, 0, 0, 0, 0, 0, 1] ),Support: 1
Class: 10.0 , Rule:(neurons: [65, 22, 28, 17, 14, 48, 113, 19, 76, 52, 62, 51, 68, 116, 98, 78, 84] ,signature: [0, 0, 0, 1, 0, 0, 1, 0, 1, 1, 0, 0, 0, 0, 0, 1, 1] ),Support: 1
Class: 10.0 , Rule:(neurons: [65, 22, 28, 17, 14, 48, 113, 19, 76, 52, 62, 51, 68, 116, 33, 75] ,signature: [0, 0, 0, 1, 0, 0, 1, 0, 1, 1, 0, 0, 0, 1, 0, 0] ),Support: 1
Class: 10.0 , Rule:(neurons: [65, 22, 28, 17, 14, 48, 113, 19, 76, 52, 62, 51, 38, 82, 45, 43, 40, 8, 0, 71, 73, 105, 26, 84] ,signature: [0, 0, 0, 1, 0, 0, 1, 0, 1, 1, 0, 1, 0, 1, 0, 1, 0, 1, 0, 1, 0, 0, 0, 0] ),Support: 1
Class: 10.0 , Rule:(neurons: [65, 22, 28, 17, 14, 48, 113, 19, 76, 52, 62, 51, 38, 0, 106, 73, 108] ,signature: [0, 0, 0, 1, 0, 0, 1, 0, 1, 1, 0, 1, 1, 0, 1, 0, 1] ),Support: 1
Class: 10.0 , Rule:(neurons: [65, 22, 28, 17, 14, 48, 45, 113, 20, 75, 55, 77] ,signature: [0, 0, 0, 1, 0, 1, 0, 0, 1, 1, 1, 1] ),Support: 1
Class: 10.0 , Rule:(neurons: [65, 22, 28, 17, 14, 48, 45, 4, 61, 84, 127, 27, 96, 1] ,signature: [0, 0, 0, 1, 0, 1, 1, 0, 0, 0, 1, 1, 0, 0] ),Support: 1
Class: 10.0 , Rule:(neurons: [65, 22, 28, 17, 14, 48, 45, 4, 61, 84, 69, 92, 118, 44, 1, 85, 19] ,signature: [0, 0, 0, 1, 0, 1, 1, 0, 0, 1, 0, 1, 1, 1, 0, 0, 1] ),Support: 1
Class: 10.0 , Rule:(neurons: [65, 22, 28, 17, 14, 29, 43, 62, 91, 49, 15, 20, 40] ,signature: [0, 0, 0, 1, 1, 0, 1, 1, 0, 1, 0, 0, 1] ),Support: 1
Class: 10.0 , Rule:(neurons: [65, 22, 28, 17, 14, 29, 10, 84, 76, 94, 26, 93, 118, 98, 4, 91, 68, 44] ,signature: [0, 0, 0, 1, 1, 1, 1, 0, 0, 1, 0, 1, 0, 0, 1, 0, 1, 0] ),Support: 1
Class: 10.0 , Rule:(neurons: [65, 22, 28, 19, 68, 116, 8, 96, 113, 88, 34] ,signature: [0, 0, 1, 0, 0, 1, 0, 0, 0, 1, 1] ),Support: 1
Class: 10.0 , Rule:(neurons: [65, 22, 28, 19, 68, 116, 8, 96, 14, 39, 63, 122, 74, 20] ,signature: [0, 0, 1, 0, 0, 1, 0, 1, 1, 1, 1, 0, 1, 0] ),Support: 1
Class: 10.0 , Rule:(neurons: [65, 22, 28, 19, 68, 116, 8, 104, 43, 79, 18] ,signature: [0, 0, 1, 0, 0, 1, 1, 0, 0, 0, 0] ),Support: 1
Class: 10.0 , Rule:(neurons: [65, 22, 28, 19, 68, 116, 8, 104, 79, 24, 54] ,signature: [0, 0, 1, 0, 0, 1, 1, 1, 0, 1, 0] ),Support: 1
Class: 10.0 , Rule:(neurons: [65, 22, 28, 19, 68, 116, 8, 104, 79, 24, 54, 122, 102, 119, 27, 5, 57, 1, 26, 44, 15] ,signature: [0, 0, 1, 0, 0, 1, 1, 1, 0, 1, 1, 0, 0, 0, 1, 1, 0, 0, 0, 1, 1] ),Support: 1
Class: 10.0 , Rule:(neurons: [65, 22, 28, 19, 68, 116, 8, 104, 79, 115, 27] ,signature: [0, 0, 1, 0, 0, 1, 1, 1, 1, 0, 0] ),Support: 1
Class: 10.0 , Rule:(neurons: [65, 22, 28, 19, 62, 17, 34, 54, 126, 116, 99, 26, 13, 81] ,signature: [0, 0, 1, 1, 0, 0, 1, 0, 1, 1, 0, 0, 0, 0] ),Support: 1
Class: 10.0 , Rule:(neurons: [65, 22, 28, 19, 62, 17, 66, 79, 104, 124, 68, 78, 99, 31] ,signature: [0, 0, 1, 1, 0, 1, 0, 0, 1, 0, 1, 1, 1, 0] ),Support: 1
Class: 10.0 , Rule:(neurons: [65, 22, 28, 19, 62, 17, 66, 80, 38, 51, 2, 77, 64, 108, 114] ,signature: [0, 0, 1, 1, 0, 1, 1, 1, 0, 0, 1, 1, 0, 1, 0] ),Support: 1
Class: 10.0 , Rule:(neurons: [65, 22, 28, 19, 62, 104, 118, 99, 11, 74, 127] ,signature: [0, 0, 1, 1, 1, 1, 0, 0, 0, 0, 0] ),Support: 1
Class: 10.0 , Rule:(neurons: [65, 22, 28, 19, 62, 104, 118, 99, 79, 49, 66, 45] ,signature: [0, 0, 1, 1, 1, 1, 0, 1, 0, 1, 1, 1] ),Support: 1
Class: 10.0 , Rule:(neurons: [65, 22, 28, 19, 62, 104, 118, 99, 79, 124] ,signature: [0, 0, 1, 1, 1, 1, 0, 1, 1, 1] ),Support: 1
Class: 10.0 , Rule:(neurons: [65, 22, 28, 19, 62, 104, 118, 79, 61, 55, 81, 13, 46, 110] ,signature: [0, 0, 1, 1, 1, 1, 1, 0, 0, 1, 1, 0, 1, 0] ),Support: 1
Class: 10.0 , Rule:(neurons: [65, 22, 28, 19, 62, 104, 118, 79, 25, 81, 78] ,signature: [0, 0, 1, 1, 1, 1, 1, 1, 0, 1, 1] ),Support: 1
Class: 10.0 , Rule:(neurons: [65, 22, 28, 19, 62, 104, 118, 79, 25, 127, 115] ,signature: [0, 0, 1, 1, 1, 1, 1, 1, 1, 0, 1] ),Support: 1
Class: 10.0 , Rule:(neurons: [65, 22, 28, 19, 62, 104, 118, 79, 25, 127, 124] ,signature: [0, 0, 1, 1, 1, 1, 1, 1, 1, 1, 1] ),Support: 1
Class: 10.0 , Rule:(neurons: [65, 22, 61, 26, 94, 25, 14, 44, 80, 48, 24, 38, 17, 1] ,signature: [0, 1, 0, 1, 0, 1, 0, 1, 1, 1, 1, 0, 0, 1] ),Support: 1
Class: 10.0 , Rule:(neurons: [65, 22, 61, 26, 94, 1, 118, 57, 74, 35, 97, 13, 49, 55] ,signature: [0, 1, 0, 1, 1, 0, 1, 1, 0, 1, 0, 0, 0, 0] ),Support: 1
Class: 10.0 , Rule:(neurons: [65, 91, 62, 4, 106, 19, 20, 1, 97] ,signature: [1, 0, 0, 0, 0, 0, 0, 1, 0] ),Support: 1
Class: 10.0 , Rule:(neurons: [65, 91, 62, 4, 106, 1, 49, 79, 52, 66, 5, 57, 27, 3, 61, 55] ,signature: [1, 0, 0, 0, 1, 0, 0, 1, 1, 1, 1, 0, 0, 0, 1, 1] ),Support: 1
Class: 10.0 , Rule:(neurons: [65, 91, 62, 4, 106, 1, 49, 79, 52, 66, 5, 57, 27, 55, 119] ,signature: [1, 0, 0, 0, 1, 0, 0, 1, 1, 1, 1, 0, 1, 0, 1] ),Support: 1
Class: 10.0 , Rule:(neurons: [65, 91, 62, 4, 106, 1, 49, 79, 52, 66, 5, 57, 59, 9, 22, 48, 33, 11, 104] ,signature: [1, 0, 0, 0, 1, 0, 0, 1, 1, 1, 1, 1, 0, 1, 0, 1, 1, 1, 1] ),Support: 1
Class: 10.0 , Rule:(neurons: [65, 91, 62, 4, 106, 1, 16, 104, 55, 76, 97, 84, 77, 26] ,signature: [1, 0, 0, 0, 1, 1, 0, 1, 0, 0, 1, 0, 0, 1] ),Support: 1
Class: 10.0 , Rule:(neurons: [65, 91, 62, 4, 106, 1, 16, 85, 82, 97, 86, 77, 114, 61, 26] ,signature: [1, 0, 0, 0, 1, 1, 1, 1, 1, 1, 1, 0, 0, 1, 1] ),Support: 1
Class: 10.0 , Rule:(neurons: [65, 91, 62, 4, 25, 29, 36, 1, 121, 94, 80, 48, 64] ,signature: [1, 0, 0, 1, 0, 0, 0, 0, 0, 0, 0, 0, 1] ),Support: 1
Class: 10.0 , Rule:(neurons: [65, 91, 62, 4, 25, 29, 108, 49, 123, 97, 71, 64, 0, 92] ,signature: [1, 0, 0, 1, 0, 1, 1, 0, 1, 0, 0, 0, 1, 1] ),Support: 1
Class: 10.0 , Rule:(neurons: [65, 91, 62, 25, 1, 94, 63, 45, 2, 61, 51, 28, 5, 19, 86] ,signature: [1, 0, 1, 0, 0, 0, 1, 1, 0, 0, 0, 0, 0, 1, 0] ),Support: 1
Class: 10.0 , Rule:(neurons: [65, 91, 62, 25, 1, 94, 104, 108, 24, 35, 102, 78, 101, 36] ,signature: [1, 0, 1, 0, 0, 1, 1, 0, 0, 1, 0, 1, 1, 0] ),Support: 1
Class: 10.0 , Rule:(neurons: [65, 91, 62, 25, 1, 94, 104, 108, 24, 34, 5] ,signature: [1, 0, 1, 0, 0, 1, 1, 0, 1, 1, 0] ),Support: 1
Class: 10.0 , Rule:(neurons: [65, 91, 62, 25, 19, 73, 4, 102, 99, 61, 24, 28] ,signature: [1, 0, 1, 1, 1, 1, 0, 1, 0, 0, 1, 1] ),Support: 1