100%|¦¦¦¦¦¦¦¦¦¦| 5754/5754 [00:00<00:00, 667589.42it/s]Obtained all paths
PRINTING PURE RULES WITH SUPPORT MORE THAN 100 FOR EVERY LABEL:
Class: 4.0 , Rule:(neurons: [65, 91, 62, 4, 25, 97, 71, 48, 21, 44, 49, 115, 38, 9, 59, 2, 51, 63] ,signature: [1, 0, 0, 1, 1, 0, 1, 1, 0, 1, 0, 1, 1, 0, 0, 0, 0, 1] ),Support: 1552
Class: 4.0 , Rule:(neurons: [65, 22, 28, 17, 14, 48, 45, 4, 94, 9, 44, 110, 57, 63, 49, 2] ,signature: [0, 0, 0, 1, 0, 1, 1, 1, 0, 0, 1, 0, 1, 1, 0, 0] ),Support: 710
Class: 4.0 , Rule:(neurons: [65, 91, 62, 4, 25, 97, 71, 48, 21, 44, 49, 115, 38, 80, 101, 51, 76, 54, 94, 117, 67, 28, 59] ,signature: [1, 0, 0, 1, 1, 0, 1, 1, 0, 1, 0, 1, 0, 1, 0, 0, 0, 1, 0, 1, 0, 0, 0] ),Support: 487
Class: 4.0 , Rule:(neurons: [65, 91, 62, 4, 25, 97, 71, 48, 21, 44, 49, 115, 38, 9, 59, 2, 51, 75] ,signature: [1, 0, 0, 1, 1, 0, 1, 1, 0, 1, 0, 1, 1, 0, 0, 0, 1, 1] ),Support: 412
Class: 4.0 , Rule:(neurons: [65, 91, 62, 25, 19, 73, 4, 98, 38, 48, 102, 13, 40] ,signature: [1, 0, 1, 1, 1, 1, 1, 0, 1, 1, 1, 0, 1] ),Support: 256
Class: 4.0 , Rule:(neurons: [65, 22, 28, 17, 14, 48, 45, 4, 94, 9, 44, 110, 57, 63, 49, 2, 66, 115, 55, 78] ,signature: [0, 0, 0, 1, 0, 1, 1, 1, 0, 0, 1, 0, 1, 1, 0, 1, 1, 1, 1, 0] ),Support: 133

Class: 4.0 , Rule:(neurons: [65, 91, 62, 4, 25, 97, 71, 48, 21, 44, 49, 115, 38, 9, 59, 2, 51, 63, 7] ,signature: [1, 0, 0, 1, 1, 0, 1, 1, 0, 1, 0, 1, 1, 0, 0, 0, 0, 0, 0] ),Support: 115
Class: 4.0 , Rule:(neurons: [65, 91, 62, 4, 25, 97, 71, 48, 21, 44, 49, 115, 38, 9, 59, 2, 51, 75, 7, 27] ,signature: [1, 0, 0, 1, 1, 0, 1, 1, 0, 1, 0, 1, 1, 0, 0, 0, 1, 0, 0, 0] ),Support: 91
Class: 4.0 , Rule:(neurons: [65, 91, 62, 4, 25, 97, 71, 48, 21, 44, 49, 115, 2, 7, 27, 46, 28, 16] ,signature: [1, 0, 0, 1, 1, 0, 1, 1, 0, 1, 0, 0, 0, 0, 0, 0, 0, 1] ),Support: 82
Class: 4.0 , Rule:(neurons: [65, 22, 61, 26, 94, 25, 14, 44, 80, 48, 24, 38, 68] ,signature: [0, 1, 0, 1, 0, 1, 0, 1, 1, 1, 1, 1, 1] ),Support: 78
Class: 4.0 , Rule:(neurons: [65, 91, 62, 4, 25, 97, 71, 48, 21, 44, 49, 82, 121, 106, 51, 32, 29] ,signature: [1, 0, 0, 1, 1, 0, 1, 1, 0, 1, 1, 1, 1, 1, 0, 1, 0] ),Support: 65
Class: 4.0 , Rule:(neurons: [65, 91, 62, 4, 25, 97, 71, 48, 21, 44, 49, 115, 38, 80, 101, 51, 76, 54, 94, 117, 67, 28, 59, 108] ,signature: [1, 0, 0, 1, 1, 0, 1, 1, 0, 1, 0, 1, 0, 1, 0, 0, 0, 1, 0, 1, 0, 0, 1, 0] ),Support: 58
Class: 4.0 , Rule:(neurons: [65, 91, 62, 4, 25, 97, 71, 48, 21, 44, 49, 115, 38, 9, 59, 2, 106, 105] ,signature: [1, 0, 0, 1, 1, 0, 1, 1, 0, 1, 0, 1, 1, 0, 0, 1, 1, 1] ),Support: 51
Class: 4.0 , Rule:(neurons: [65, 91, 62, 4, 25, 97, 71, 48, 21, 40, 16, 94, 49] ,signature: [1, 0, 0, 1, 1, 0, 1, 1, 1, 1, 1, 0, 0] ),Support: 49
Class: 4.0 , Rule:(neurons: [65, 91, 62, 4, 25, 97, 110, 51, 2, 48, 92, 13, 115] ,signature: [1, 0, 0, 1, 1, 1, 0, 0, 0, 1, 0, 0, 1] ),Support: 47
Class: 4.0 , Rule:(neurons: [65, 22, 28, 17, 14, 48, 45, 4, 94, 9, 44, 27, 55, 21, 127, 80] ,signature: [0, 0, 0, 1, 0, 1, 1, 1, 0, 0, 0, 0, 1, 0, 0, 1] ),Support: 46
Class: 4.0 , Rule:(neurons: [65, 91, 62, 4, 25, 97, 71, 48, 21, 44, 49, 115, 38, 9, 59, 24, 94, 75] ,signature: [1, 0, 0, 1, 1, 0, 1, 1, 0, 1, 0, 1, 1, 0, 1, 1, 0, 0] ),Support: 45
Class: 4.0 , Rule:(neurons: [65, 91, 62, 4, 25, 97, 71, 48, 19, 9, 13, 7, 67] ,signature: [1, 0, 0, 1, 1, 0, 1, 0, 1, 0, 0, 0, 0] ),Support: 44
Class: 4.0 , Rule:(neurons: [65, 91, 62, 4, 25, 97, 71, 48, 21, 44, 49, 115, 38, 80, 101, 51, 16, 15] ,signature: [1, 0, 0, 1, 1, 0, 1, 1, 0, 1, 0, 1, 0, 1, 0, 1, 1, 0] ),Support: 44
Class: 4.0 , Rule:(neurons: [65, 91, 62, 25, 19, 79, 21, 4, 66, 118, 68, 115, 94, 110, 47] ,signature: [1, 0, 1, 1, 0, 1, 0, 1, 1, 1, 1, 1, 0, 0, 0] ),Support: 43
Class: 4.0 , Rule:(neurons: [65, 91, 62, 25, 19, 73, 7, 4, 82, 84, 9, 77, 35, 54, 99, 49, 88] ,signature: [1, 0, 1, 1, 1, 0, 0, 1, 1, 1, 0, 0, 1, 1, 1, 0, 0] ),Support: 42
Class: 4.0 , Rule:(neurons: [65, 22, 28, 17, 14, 48, 45, 4, 94, 9, 44, 110, 57, 63, 122, 106, 39] ,signature: [0, 0, 0, 1, 0, 1, 1, 1, 0, 0, 1, 0, 1, 0, 0, 1, 1] ),Support: 35
Class: 4.0 , Rule:(neurons: [65, 91, 62, 4, 25, 97, 71, 48, 21, 44, 49, 82, 121, 106, 51, 118, 81, 69] ,signature: [1, 0, 0, 1, 1, 0, 1, 1, 0, 1, 1, 1, 1, 1, 1, 1, 1, 0] ),Support: 34
Class: 4.0 , Rule:(neurons: [65, 22, 28, 17, 14, 48, 45, 4, 61, 84, 69, 97, 46, 5] ,signature: [0, 0, 0, 1, 0, 1, 1, 0, 0, 1, 1, 0, 0, 1] ),Support: 27
Class: 4.0 , Rule:(neurons: [65, 22, 61, 92, 10, 47, 44, 104, 106, 43, 4] ,signature: [0, 1, 1, 0, 1, 0, 1, 0, 1, 1, 1] ),Support: 26
Class: 4.0 , Rule:(neurons: [65, 22, 28, 17, 14, 48, 45, 4, 94, 9, 44, 110, 5, 99, 13] ,signature: [0, 0, 0, 1, 0, 1, 1, 1, 0, 0, 1, 1, 1, 1, 0] ),Support: 25
Class: 4.0 , Rule:(neurons: [65, 91, 62, 25, 19, 79, 1, 51, 102, 71, 49, 66] ,signature: [1, 0, 1, 1, 0, 0, 0, 0, 1, 1, 0, 1] ),Support: 24
Class: 4.0 , Rule:(neurons: [65, 91, 62, 4, 25, 97, 71, 48, 21, 44, 49, 82, 121, 106, 51, 32, 29, 34] ,signature: [1, 0, 0, 1, 1, 0, 1, 1, 0, 1, 1, 1, 1, 1, 0, 1, 1, 0] ),Support: 21
Class: 4.0 , Rule:(neurons: [65, 22, 28, 17, 96, 118, 62, 21, 25, 121, 4] ,signature: [0, 0, 0, 0, 1, 1, 0, 0, 1, 1, 1] ),Support: 19
Class: 4.0 , Rule:(neurons: [65, 22, 61, 92, 47, 64, 69, 68] ,signature: [0, 1, 1, 1, 0, 0, 1, 1] ),Support: 17
Class: 4.0 , Rule:(neurons: [65, 22, 28, 17, 14, 48, 113, 77, 79, 122, 102, 25, 80, 39, 57] ,signature: [0, 0, 0, 1, 0, 0, 0, 0, 0, 0, 1, 1, 0, 1, 1] ),Support: 16
Class: 4.0 , Rule:(neurons: [65, 91, 62, 4, 25, 97, 71, 48, 21, 44, 49, 115, 38, 80, 101, 51, 76, 54, 94, 117, 67, 28, 79] ,signature: [1, 0, 0, 1, 1, 0, 1, 1, 0, 1, 0, 1, 0, 1, 0, 0, 0, 1, 0, 1, 0, 1, 1] ),Support: 16
Class: 4.0 , Rule:(neurons: [65, 91, 62, 25, 19, 73, 4, 98, 38, 48, 102, 13, 40, 34] ,signature: [1, 0, 1, 1, 1, 1, 1, 0, 1, 1, 1, 0, 0, 0] ),Support: 16
Class: 4.0 , Rule:(neurons: [65, 22, 28, 17, 14, 48, 45, 4, 94, 9, 44, 27, 55, 21, 127, 1, 96, 39] ,signature: [0, 0, 0, 1, 0, 1, 1, 1, 0, 0, 0, 0, 1, 0, 1, 0, 1, 1] ),Support: 15
Class: 4.0 , Rule:(neurons: [65, 91, 62, 4, 25, 97, 71, 1, 27] ,signature: [1, 0, 0, 1, 1, 0, 0, 1, 0] ),Support: 15
Class: 4.0 , Rule:(neurons: [65, 22, 28, 19, 62, 17, 66, 80, 38, 106, 29] ,signature: [0, 0, 1, 1, 0, 1, 1, 1, 1, 1, 0] ),Support: 14
Class: 4.0 , Rule:(neurons: [65, 91, 62, 4, 25, 97, 71, 48, 21, 44, 49, 115, 38, 80, 101, 69] ,signature: [1, 0, 0, 1, 1, 0, 1, 1, 0, 1, 0, 1, 0, 1, 1, 0] ),Support: 14
Class: 4.0 , Rule:(neurons: [65, 91, 62, 4, 25, 97, 71, 48, 21, 44, 49, 115, 38, 9, 59, 2, 51, 63, 7, 68] ,signature: [1, 0, 0, 1, 1, 0, 1, 1, 0, 1, 0, 1, 1, 0, 0, 0, 0, 0, 1, 1] ),Support: 14
Class: 4.0 , Rule:(neurons: [65, 91, 62, 25, 19, 73, 7, 4, 82, 84, 116, 46, 1, 77, 13] ,signature: [1, 0, 1, 1, 1, 0, 0, 1, 1, 0, 0, 0, 1, 0, 0] ),Support: 14
Class: 4.0 , Rule:(neurons: [65, 91, 62, 4, 25, 97, 71, 48, 21, 44, 49, 115, 38, 9, 59, 2, 51, 75, 7, 124, 0] ,signature: [1, 0, 0, 1, 1, 0, 1, 1, 0, 1, 0, 1, 1, 0, 0, 0, 1, 0, 1, 0, 0] ),Support: 13
Class: 4.0 , Rule:(neurons: [65, 91, 62, 4, 25, 97, 110, 51, 2, 26, 89, 1, 67] ,signature: [1, 0, 0, 1, 1, 1, 0, 0, 1, 1, 0, 1, 0] ),Support: 13
Class: 4.0 , Rule:(neurons: [65, 91, 62, 25, 19, 73, 7, 1, 24, 22, 54, 96, 110, 0] ,signature: [1, 0, 1, 1, 1, 0, 1, 1, 1, 1, 1, 1, 0, 0] ),Support: 13
Class: 4.0 , Rule:(neurons: [65, 91, 62, 25, 19, 73, 4, 98, 38, 48, 102, 13, 116] ,signature: [1, 0, 1, 1, 1, 1, 1, 0, 1, 1, 1, 1, 0] ),Support: 13
Class: 4.0 , Rule:(neurons: [65, 22, 28, 17, 14, 48, 45, 4, 94, 9, 44, 110, 57, 105] ,signature: [0, 0, 0, 1, 0, 1, 1, 1, 0, 0, 1, 0, 0, 0] ),Support: 12
Class: 4.0 , Rule:(neurons: [65, 22, 28, 17, 14, 48, 45, 4, 94, 9, 44, 110, 57, 63, 49, 2, 66, 115, 55, 78, 127] ,signature: [0, 0, 0, 1, 0, 1, 1, 1, 0, 0, 1, 0, 1, 1, 0, 1, 1, 1, 1, 1, 0] ),Support: 12
Class: 4.0 , Rule:(neurons: [65, 91, 62, 4, 25, 97, 71, 48, 21, 44, 49, 115, 38, 80, 55] ,signature: [1, 0, 0, 1, 1, 0, 1, 1, 0, 1, 0, 1, 0, 0, 1] ),Support: 12
Class: 4.0 , Rule:(neurons: [65, 91, 82, 63, 127, 86, 108, 99, 94] ,signature: [1, 1, 1, 1, 0, 1, 1, 1, 0] ),Support: 12
Class: 4.0 , Rule:(neurons: [65, 91, 62, 4, 25, 97, 71, 48, 21, 44, 49, 115, 2, 7, 27, 46, 28, 51] ,signature: [1, 0, 0, 1, 1, 0, 1, 1, 0, 1, 0, 0, 0, 0, 0, 0, 1, 0] ),Support: 11
Class: 4.0 , Rule:(neurons: [65, 91, 62, 25, 19, 79, 1, 51, 88, 55, 73, 29, 46, 48, 110, 101, 16, 68, 5] ,signature: [1, 0, 1, 1, 0, 0, 0, 1, 0, 0, 1, 0, 0, 1, 0, 0, 0, 1, 1] ),Support: 11
Class: 4.0 , Rule:(neurons: [65, 91, 82, 63, 127, 25, 1, 97, 13, 66, 16, 5] ,signature: [1, 1, 1, 1, 1, 1, 1, 0, 0, 1, 1, 1] ),Support: 11
Class: 4.0 , Rule:(neurons: [65, 91, 62, 4, 25, 97, 71, 48, 21, 44, 49, 115, 38, 80, 101, 51, 76, 54, 94, 117, 67, 33] ,signature: [1, 0, 0, 1, 1, 0, 1, 1, 0, 1, 0, 1, 0, 1, 0, 0, 0, 1, 0, 1, 1, 0] ),Support: 10
Class: 4.0 , Rule:(neurons: [65, 91, 62, 4, 25, 97, 110, 51, 2, 48, 92, 13, 40, 105, 34] ,signature: [1, 0, 0, 1, 1, 1, 0, 0, 0, 1, 0, 1, 1, 1, 0] ),Support: 10
Class: 4.0 , Rule:(neurons: [65, 91, 62, 25, 19, 79, 21, 127, 102, 73, 16, 82] ,signature: [1, 0, 1, 1, 0, 1, 1, 1, 1, 1, 0, 1] ),Support: 10
Class: 4.0 , Rule:(neurons: [65, 91, 62, 25, 19, 73, 4, 98, 106, 5, 101] ,signature: [1, 0, 1, 1, 1, 1, 1, 1, 1, 0, 0] ),Support: 10
Class: 4.0 , Rule:(neurons: [65, 22, 28, 17, 14, 48, 45, 4, 61, 84, 69, 92, 77] ,signature: [0, 0, 0, 1, 0, 1, 1, 0, 0, 1, 0, 0, 0] ),Support: 9
Class: 4.0 , Rule:(neurons: [65, 91, 62, 4, 25, 97, 71, 48, 21, 40, 16, 38, 102] ,signature: [1, 0, 0, 1, 1, 0, 1, 1, 1, 1, 0, 1, 1] ),Support: 9
Class: 4.0 , Rule:(neurons: [65, 91, 62, 25, 19, 79, 21, 4, 66, 118, 68, 115, 94, 110, 29, 122] ,signature: [1, 0, 1, 1, 0, 1, 0, 1, 1, 1, 1, 1, 0, 1, 0, 0] ),Support: 9
Class: 4.0 , Rule:(neurons: [65, 91, 62, 25, 19, 73, 7, 1, 79, 0, 35] ,signature: [1, 0, 1, 1, 1, 0, 1, 0, 1, 0, 1] ),Support: 9
Class: 4.0 , Rule:(neurons: [65, 91, 62, 25, 19, 73, 4, 98, 38, 48, 40, 116, 104] ,signature: [1, 0, 1, 1, 1, 1, 1, 0, 1, 0, 1, 0, 0] ),Support: 9
Class: 4.0 , Rule:(neurons: [65, 91, 62, 25, 19, 73, 4, 98, 38, 48, 102, 79, 0] ,signature: [1, 0, 1, 1, 1, 1, 1, 0, 1, 1, 0, 1, 0] ),Support: 9
Class: 4.0 , Rule:(neurons: [65, 22, 28, 19, 62, 17, 66, 80, 73] ,signature: [0, 0, 1, 1, 0, 1, 1, 0, 1] ),Support: 8
Class: 4.0 , Rule:(neurons: [65, 22, 61, 92, 47, 64, 84, 19, 45, 68, 126, 52] ,signature: [0, 1, 1, 1, 0, 1, 1, 1, 1, 1, 1, 1] ),Support: 8
Class: 4.0 , Rule:(neurons: [65, 91, 62, 4, 25, 97, 71, 48, 21, 44, 49, 115, 38, 9, 59, 2, 106, 105, 5] ,signature: [1, 0, 0, 1, 1, 0, 1, 1, 0, 1, 0, 1, 1, 0, 0, 1, 1, 0, 1] ),Support: 8
Class: 4.0 , Rule:(neurons: [65, 91, 62, 4, 25, 97, 71, 48, 21, 44, 49, 82, 121, 106, 51, 118, 24, 93, 54, 116, 61] ,signature: [1, 0, 0, 1, 1, 0, 1, 1, 0, 1, 1, 1, 1, 1, 1, 0, 1, 1, 1, 0, 0] ),Support: 8
Class: 4.0 , Rule:(neurons: [65, 91, 62, 4, 25, 97, 71, 48, 21, 44, 49, 82, 121, 106, 51, 118, 81, 69, 16] ,signature: [1, 0, 0, 1, 1, 0, 1, 1, 0, 1, 1, 1, 1, 1, 1, 1, 1, 1, 1] ),Support: 8
Class: 4.0 , Rule:(neurons: [65, 91, 62, 4, 25, 97, 110, 77, 67, 2] ,signature: [1, 0, 0, 1, 1, 1, 1, 0, 0, 0] ),Support: 8
Class: 4.0 , Rule:(neurons: [65, 22, 28, 17, 14, 48, 45, 4, 94, 9, 44, 110, 57, 63, 49, 113] ,signature: [0, 0, 0, 1, 0, 1, 1, 1, 0, 0, 1, 0, 1, 1, 1, 1] ),Support: 7
Class: 4.0 , Rule:(neurons: [65, 22, 28, 17, 14, 48, 45, 4, 94, 9, 36, 61, 64] ,signature: [0, 0, 0, 1, 0, 1, 1, 1, 0, 1, 0, 0, 0] ),Support: 7
Class: 4.0 , Rule:(neurons: [65, 91, 62, 4, 25, 97, 71, 48, 21, 44, 49, 115, 38, 80, 101, 51, 76, 54, 94, 117, 114] ,signature: [1, 0, 0, 1, 1, 0, 1, 1, 0, 1, 0, 1, 0, 1, 0, 0, 0, 1, 0, 0, 1] ),Support: 7
Class: 4.0 , Rule:(neurons: [65, 91, 62, 4, 25, 97, 71, 48, 21, 44, 49, 115, 38, 80, 101, 51, 76, 54, 94, 36] ,signature: [1, 0, 0, 1, 1, 0, 1, 1, 0, 1, 0, 1, 0, 1, 0, 0, 0, 1, 1, 0] ),Support: 7
Class: 4.0 , Rule:(neurons: [65, 91, 62, 4, 25, 97, 71, 48, 21, 44, 49, 115, 38, 80, 101, 51, 16, 15, 33] ,signature: [1, 0, 0, 1, 1, 0, 1, 1, 0, 1, 0, 1, 0, 1, 0, 1, 1, 1, 0] ),Support: 7
Class: 4.0 , Rule:(neurons: [65, 91, 62, 4, 25, 97, 71, 48, 21, 40, 16, 94, 49, 28] ,signature: [1, 0, 0, 1, 1, 0, 1, 1, 1, 1, 1, 0, 1, 0] ),Support: 7
Class: 4.0 , Rule:(neurons: [65, 91, 62, 25, 19, 79, 1, 51, 88, 15, 55, 109] ,signature: [1, 0, 1, 1, 0, 0, 0, 1, 1, 0, 1, 0] ),Support: 7
Class: 4.0 , Rule:(neurons: [65, 91, 62, 25, 19, 79, 21, 4, 66, 118, 68, 115, 94, 110, 47, 61, 5] ,signature: [1, 0, 1, 1, 0, 1, 0, 1, 1, 1, 1, 1, 0, 0, 1, 0, 1] ),Support: 7
Class: 4.0 , Rule:(neurons: [65, 91, 82, 63, 127, 25, 1, 14, 79, 29, 16] ,signature: [1, 1, 1, 1, 1, 1, 0, 0, 1, 0, 1] ),Support: 7
Class: 4.0 , Rule:(neurons: [65, 22, 28, 17, 14, 48, 113, 77, 79, 122, 102, 25, 80, 99, 73] ,signature: [0, 0, 0, 1, 0, 0, 0, 0, 0, 0, 1, 1, 1, 0, 1] ),Support: 6
Class: 4.0 , Rule:(neurons: [65, 22, 28, 17, 14, 48, 113, 77, 79, 68, 20, 4, 38] ,signature: [0, 0, 0, 1, 0, 0, 0, 0, 1, 0, 0, 1, 0] ),Support: 6
Class: 4.0 , Rule:(neurons: [65, 91, 62, 4, 25, 97, 71, 1, 84, 102] ,signature: [1, 0, 0, 1, 1, 0, 0, 0, 1, 1] ),Support: 6
Class: 4.0 , Rule:(neurons: [65, 91, 62, 4, 25, 97, 110, 51, 2, 48, 92, 26, 64] ,signature: [1, 0, 0, 1, 1, 1, 0, 0, 0, 1, 1, 1, 0] ),Support: 6
Class: 4.0 , Rule:(neurons: [65, 91, 62, 4, 25, 97, 110, 51, 79, 9, 102, 15, 42] ,signature: [1, 0, 0, 1, 1, 1, 0, 1, 1, 0, 0, 0, 1] ),Support: 6
Class: 4.0 , Rule:(neurons: [65, 91, 62, 25, 19, 79, 1, 51, 88, 55, 83, 124, 36] ,signature: [1, 0, 1, 1, 0, 0, 0, 1, 0, 1, 0, 0, 1] ),Support: 6
Class: 4.0 , Rule:(neurons: [65, 91, 82, 63, 127, 86, 108, 99, 94, 14, 26, 97, 124, 27] ,signature: [1, 1, 1, 1, 0, 1, 1, 0, 0, 0, 1, 0, 0, 0] ),Support: 6
Class: 4.0 , Rule:(neurons: [65, 22, 28, 17, 96, 118, 62, 104, 122, 20, 91, 127, 83] ,signature: [0, 0, 0, 0, 1, 1, 1, 0, 0, 1, 0, 0, 1] ),Support: 5
Class: 4.0 , Rule:(neurons: [65, 22, 28, 17, 96, 118, 62, 104, 35, 45, 81, 47, 51] ,signature: [0, 0, 0, 0, 1, 1, 1, 1, 1, 1, 1, 0, 0] ),Support: 5
Class: 4.0 , Rule:(neurons: [65, 22, 28, 17, 14, 48, 113, 77, 79, 68, 20, 5, 78, 69] ,signature: [0, 0, 0, 1, 0, 0, 0, 0, 1, 0, 1, 1, 0, 1] ),Support: 5
Class: 4.0 , Rule:(neurons: [65, 22, 28, 17, 14, 48, 113, 77, 27, 104, 124, 116, 102, 44, 62, 57] ,signature: [0, 0, 0, 1, 0, 0, 0, 1, 1, 1, 0, 1, 1, 1, 0, 1] ),Support: 5
Class: 4.0 , Rule:(neurons: [65, 22, 28, 17, 14, 48, 45, 4, 61, 89, 46, 36, 124, 5, 57] ,signature: [0, 0, 0, 1, 0, 1, 1, 0, 1, 1, 0, 0, 0, 1, 1] ),Support: 5
Class: 4.0 , Rule:(neurons: [65, 22, 28, 17, 14, 48, 45, 4, 94, 9, 44, 27, 68, 25, 19] ,signature: [0, 0, 0, 1, 0, 1, 1, 1, 0, 0, 0, 1, 1, 1, 0] ),Support: 5
Class: 4.0 , Rule:(neurons: [65, 22, 28, 17, 14, 48, 45, 4, 94, 9, 44, 110, 57, 63, 49, 2, 66, 115, 55, 102] ,signature: [0, 0, 0, 1, 0, 1, 1, 1, 0, 0, 1, 0, 1, 1, 0, 1, 1, 1, 0, 1] ),Support: 5
Class: 4.0 , Rule:(neurons: [65, 22, 28, 17, 14, 48, 45, 4, 94, 127, 99, 69] ,signature: [0, 0, 0, 1, 0, 1, 1, 1, 1, 0, 1, 1] ),Support: 5
Class: 4.0 , Rule:(neurons: [65, 22, 28, 19, 68, 29, 66, 91, 25, 48] ,signature: [0, 0, 1, 0, 1, 0, 1, 0, 1, 1] ),Support: 5
Class: 4.0 , Rule:(neurons: [65, 22, 61, 26, 67, 68, 91, 94, 110, 121, 126] ,signature: [0, 1, 0, 0, 0, 1, 0, 0, 0, 1, 1] ),Support: 5
Class: 4.0 , Rule:(neurons: [65, 91, 62, 4, 106, 1, 49, 79, 52, 66, 5, 57, 59, 9, 27] ,signature: [1, 0, 0, 0, 1, 0, 0, 1, 1, 1, 1, 1, 0, 0, 0] ),Support: 5
Class: 4.0 , Rule:(neurons: [65, 91, 62, 4, 25, 97, 71, 48, 19, 89, 7] ,signature: [1, 0, 0, 1, 1, 0, 1, 0, 0, 0, 0] ),Support: 5
Class: 4.0 , Rule:(neurons: [65, 91, 62, 4, 25, 97, 71, 48, 21, 44, 49, 115, 2, 7, 27, 46, 28, 16, 121] ,signature: [1, 0, 0, 1, 1, 0, 1, 1, 0, 1, 0, 0, 0, 0, 0, 0, 0, 0, 1] ),Support: 5
Class: 4.0 , Rule:(neurons: [65, 91, 62, 4, 25, 97, 71, 48, 21, 44, 49, 115, 38, 80, 101, 51, 76, 54, 94, 117, 67, 28, 59, 108, 32] ,signature: [1, 0, 0, 1, 1, 0, 1, 1, 0, 1, 0, 1, 0, 1, 0, 0, 0, 1, 0, 1, 0, 0, 1, 1, 0] ),Support: 5
Class: 4.0 , Rule:(neurons: [65, 91, 62, 4, 25, 97, 71, 48, 21, 40, 1, 88, 0] ,signature: [1, 0, 0, 1, 1, 0, 1, 1, 1, 0, 1, 0, 0] ),Support: 5
Class: 4.0 , Rule:(neurons: [65, 91, 62, 25, 19, 79, 1, 51, 88, 55, 73, 29, 46, 48, 110, 101, 124, 17] ,signature: [1, 0, 1, 1, 0, 0, 0, 1, 0, 0, 1, 0, 0, 1, 0, 1, 0, 1] ),Support: 5
Class: 4.0 , Rule:(neurons: [65, 91, 62, 25, 19, 79, 1, 115, 116, 114, 84, 110, 0] ,signature: [1, 0, 1, 1, 0, 0, 1, 1, 1, 1, 1, 0, 0] ),Support: 5
Class: 4.0 , Rule:(neurons: [65, 91, 62, 25, 19, 73, 7, 4, 82, 84, 9, 77, 35, 54, 99, 49, 88, 51] ,signature: [1, 0, 1, 1, 1, 0, 0, 1, 1, 1, 0, 0, 1, 1, 1, 0, 1, 0] ),Support: 5
Class: 4.0 , Rule:(neurons: [65, 91, 62, 25, 19, 73, 7, 1, 24, 22, 34, 35, 116, 97] ,signature: [1, 0, 1, 1, 1, 0, 1, 1, 1, 0, 0, 1, 1, 0] ),Support: 5
Class: 4.0 , Rule:(neurons: [65, 91, 62, 25, 19, 73, 7, 1, 24, 22, 54, 96, 110, 0, 16] ,signature: [1, 0, 1, 1, 1, 0, 1, 1, 1, 1, 1, 1, 0, 1, 1] ),Support: 5
Class: 4.0 , Rule:(neurons: [65, 22, 28, 17, 14, 48, 113, 77, 79, 68, 105, 84] ,signature: [0, 0, 0, 1, 0, 0, 0, 0, 1, 1, 0, 1] ),Support: 4
Class: 4.0 , Rule:(neurons: [65, 22, 28, 17, 14, 48, 113, 19, 105, 61, 26, 4, 45, 69, 52] ,signature: [0, 0, 0, 1, 0, 0, 1, 1, 1, 1, 1, 1, 1, 1, 1] ),Support: 4
Class: 4.0 , Rule:(neurons: [65, 22, 28, 17, 14, 48, 45, 4, 61, 84, 69, 97, 46, 5, 123] ,signature: [0, 0, 0, 1, 0, 1, 1, 0, 0, 1, 1, 0, 0, 0, 1] ),Support: 4
Class: 4.0 , Rule:(neurons: [65, 22, 28, 17, 14, 48, 45, 4, 94, 9, 44, 110, 57, 63, 49, 2, 66, 115, 73] ,signature: [0, 0, 0, 1, 0, 1, 1, 1, 0, 0, 1, 0, 1, 1, 0, 1, 1, 0, 1] ),Support: 4
Class: 4.0 , Rule:(neurons: [65, 22, 28, 17, 14, 48, 45, 4, 94, 9, 36, 61, 10, 106] ,signature: [0, 0, 0, 1, 0, 1, 1, 1, 0, 1, 0, 1, 1, 1] ),Support: 4
Class: 4.0 , Rule:(neurons: [65, 22, 28, 19, 68, 29, 45, 116, 25, 77, 89] ,signature: [0, 0, 1, 0, 1, 1, 1, 1, 1, 0, 1] ),Support: 4
Class: 4.0 , Rule:(neurons: [65, 22, 61, 26, 94, 25, 14, 44, 80, 101, 51, 78] ,signature: [0, 1, 0, 1, 0, 1, 0, 1, 0, 0, 0, 1] ),Support: 4
Class: 4.0 , Rule:(neurons: [65, 91, 62, 4, 25, 97, 71, 48, 21, 44, 49, 115, 2, 7, 73] ,signature: [1, 0, 0, 1, 1, 0, 1, 1, 0, 1, 0, 0, 0, 1, 1] ),Support: 4
Class: 4.0 , Rule:(neurons: [65, 91, 62, 4, 25, 97, 71, 48, 21, 44, 49, 115, 38, 9, 59, 24, 94, 75, 66] ,signature: [1, 0, 0, 1, 1, 0, 1, 1, 0, 1, 0, 1, 1, 0, 1, 1, 0, 1, 1] ),Support: 4
Class: 4.0 , Rule:(neurons: [65, 91, 62, 4, 25, 97, 71, 48, 21, 44, 49, 82, 118] ,signature: [1, 0, 0, 1, 1, 0, 1, 1, 0, 1, 1, 0, 1] ),Support: 4
Class: 4.0 , Rule:(neurons: [65, 91, 62, 4, 25, 97, 71, 48, 21, 44, 49, 82, 121, 5, 109, 118] ,signature: [1, 0, 0, 1, 1, 0, 1, 1, 0, 1, 1, 1, 0, 1, 0, 1] ),Support: 4
Class: 4.0 , Rule:(neurons: [65, 91, 62, 4, 25, 97, 71, 48, 21, 44, 49, 82, 121, 106, 51, 32, 10, 2] ,signature: [1, 0, 0, 1, 1, 0, 1, 1, 0, 1, 1, 1, 1, 1, 0, 0, 0, 0] ),Support: 4
Class: 4.0 , Rule:(neurons: [65, 91, 62, 25, 19, 79, 1, 51, 88, 55, 73, 29, 16, 85, 102] ,signature: [1, 0, 1, 1, 0, 0, 0, 1, 0, 0, 1, 1, 1, 0, 1] ),Support: 4
Class: 4.0 , Rule:(neurons: [65, 91, 62, 25, 19, 79, 1, 51, 88, 55, 83, 82, 16, 7] ,signature: [1, 0, 1, 1, 0, 0, 0, 1, 0, 1, 1, 1, 1, 0] ),Support: 4
Class: 4.0 , Rule:(neurons: [65, 91, 62, 25, 19, 79, 1, 51, 88, 55, 83, 82, 16, 7, 81, 94, 73, 21, 47] ,signature: [1, 0, 1, 1, 0, 0, 0, 1, 0, 1, 1, 1, 1, 1, 1, 0, 0, 0, 0] ),Support: 4
Class: 4.0 , Rule:(neurons: [65, 91, 62, 25, 19, 79, 21, 4, 66, 118, 106, 24, 48, 110] ,signature: [1, 0, 1, 1, 0, 1, 0, 1, 1, 0, 1, 1, 1, 1] ),Support: 4
Class: 4.0 , Rule:(neurons: [65, 91, 62, 25, 19, 73, 7, 4, 82, 84, 116, 46, 1, 42] ,signature: [1, 0, 1, 1, 1, 0, 0, 1, 1, 0, 0, 0, 0, 1] ),Support: 4
Class: 4.0 , Rule:(neurons: [65, 91, 62, 25, 19, 73, 7, 4, 82, 84, 9, 77, 35, 54, 99, 29] ,signature: [1, 0, 1, 1, 1, 0, 0, 1, 1, 1, 0, 0, 1, 1, 0, 0] ),Support: 4
Class: 4.0 , Rule:(neurons: [65, 91, 62, 25, 19, 73, 4, 102, 99, 61, 24, 28] ,signature: [1, 0, 1, 1, 1, 1, 0, 1, 0, 0, 1, 0] ),Support: 4
Class: 4.0 , Rule:(neurons: [65, 91, 62, 25, 19, 73, 4, 98, 38, 92, 48] ,signature: [1, 0, 1, 1, 1, 1, 1, 0, 0, 0, 1] ),Support: 4
Class: 4.0 , Rule:(neurons: [65, 22, 28, 17, 14, 48, 113, 77, 79, 68, 20, 4, 62, 52, 9, 102] ,signature: [0, 0, 0, 1, 0, 0, 0, 0, 1, 0, 0, 0, 0, 1, 0, 1] ),Support: 3
Class: 4.0 , Rule:(neurons: [65, 22, 28, 17, 14, 48, 45, 4, 94, 9, 44, 110, 5, 68, 15, 92] ,signature: [0, 0, 0, 1, 0, 1, 1, 1, 0, 0, 1, 1, 0, 1, 1, 1] ),Support: 3
Class: 4.0 , Rule:(neurons: [65, 22, 28, 19, 62, 17, 66, 80, 38, 51, 2, 11, 89] ,signature: [0, 0, 1, 1, 0, 1, 1, 1, 0, 0, 0, 0, 1] ),Support: 3
Class: 4.0 , Rule:(neurons: [65, 22, 61, 26, 94, 25, 14, 44, 98, 40, 105, 106] ,signature: [0, 1, 0, 1, 0, 1, 0, 0, 0, 1, 1, 1] ),Support: 3
Class: 4.0 , Rule:(neurons: [65, 22, 61, 26, 94, 25, 14, 44, 80, 48, 114, 74] ,signature: [0, 1, 0, 1, 0, 1, 0, 1, 1, 0, 0, 1] ),Support: 3
Class: 4.0 , Rule:(neurons: [65, 22, 61, 26, 94, 1, 118, 57, 74, 35] ,signature: [0, 1, 0, 1, 1, 0, 1, 1, 0, 0] ),Support: 3
Class: 4.0 , Rule:(neurons: [65, 22, 61, 92, 47, 64, 84, 15, 57, 96, 5, 44, 94, 4, 73, 0] ,signature: [0, 1, 1, 1, 0, 1, 0, 1, 1, 1, 0, 1, 0, 1, 0, 0] ),Support: 3
Class: 4.0 , Rule:(neurons: [65, 91, 62, 4, 106, 1, 49, 79, 55, 32, 123, 80, 73] ,signature: [1, 0, 0, 0, 1, 0, 0, 0, 1, 1, 1, 0, 1] ),Support: 3
Class: 4.0 , Rule:(neurons: [65, 91, 62, 4, 106, 1, 16, 85, 84, 77] ,signature: [1, 0, 0, 0, 1, 1, 1, 0, 1, 0] ),Support: 3
Class: 4.0 , Rule:(neurons: [65, 91, 62, 4, 25, 97, 71, 48, 19, 89, 43, 86, 27, 106, 93] ,signature: [1, 0, 0, 1, 1, 0, 1, 0, 0, 1, 1, 0, 0, 0, 1] ),Support: 3
Class: 4.0 , Rule:(neurons: [65, 91, 62, 4, 25, 97, 71, 48, 21, 44, 47, 122] ,signature: [1, 0, 0, 1, 1, 0, 1, 1, 0, 0, 0, 0] ),Support: 3
Class: 4.0 , Rule:(neurons: [65, 91, 62, 4, 25, 97, 71, 48, 21, 44, 49, 115, 2, 7, 27, 77] ,signature: [1, 0, 0, 1, 1, 0, 1, 1, 0, 1, 0, 0, 0, 0, 1, 0] ),Support: 3
Class: 4.0 , Rule:(neurons: [65, 91, 62, 4, 25, 97, 71, 48, 21, 44, 49, 115, 38, 80, 101, 51, 76, 75] ,signature: [1, 0, 0, 1, 1, 0, 1, 1, 0, 1, 0, 1, 0, 1, 0, 0, 1, 1] ),Support: 3
Class: 4.0 , Rule:(neurons: [65, 91, 62, 4, 25, 97, 71, 48, 21, 44, 49, 115, 38, 80, 101, 51, 16, 102] ,signature: [1, 0, 0, 1, 1, 0, 1, 1, 0, 1, 0, 1, 0, 1, 0, 1, 0, 1] ),Support: 3
Class: 4.0 , Rule:(neurons: [65, 91, 62, 4, 25, 97, 71, 48, 21, 44, 49, 115, 38, 9, 118] ,signature: [1, 0, 0, 1, 1, 0, 1, 1, 0, 1, 0, 1, 1, 1, 1] ),Support: 3
Class: 4.0 , Rule:(neurons: [65, 91, 62, 4, 25, 97, 71, 48, 21, 44, 49, 82, 121, 106, 51, 32, 29, 34, 61] ,signature: [1, 0, 0, 1, 1, 0, 1, 1, 0, 1, 1, 1, 1, 1, 0, 1, 1, 1, 0] ),Support: 3
Class: 4.0 , Rule:(neurons: [65, 91, 62, 4, 25, 97, 110, 51, 2, 48, 30] ,signature: [1, 0, 0, 1, 1, 1, 0, 0, 0, 0, 0] ),Support: 3
Class: 4.0 , Rule:(neurons: [65, 91, 62, 4, 25, 97, 110, 51, 2, 26, 104, 61, 88, 28] ,signature: [1, 0, 0, 1, 1, 1, 0, 0, 1, 0, 0, 0, 0, 0] ),Support: 3
Class: 4.0 , Rule:(neurons: [65, 91, 62, 4, 25, 97, 110, 51, 2, 26, 104, 32, 117, 127] ,signature: [1, 0, 0, 1, 1, 1, 0, 0, 1, 0, 1, 1, 1, 1] ),Support: 3
Class: 4.0 , Rule:(neurons: [65, 91, 62, 4, 25, 97, 110, 77, 104, 109] ,signature: [1, 0, 0, 1, 1, 1, 1, 1, 0, 0] ),Support: 3
Class: 4.0 , Rule:(neurons: [65, 91, 62, 25, 19, 79, 1, 51, 102, 71, 49, 30, 61] ,signature: [1, 0, 1, 1, 0, 0, 0, 0, 1, 1, 1, 1, 0] ),Support: 3
Class: 4.0 , Rule:(neurons: [65, 91, 62, 25, 19, 79, 1, 51, 88, 55, 73, 2, 45, 94, 34, 64, 83, 82, 116] ,signature: [1, 0, 1, 1, 0, 0, 0, 1, 0, 0, 0, 0, 1, 0, 0, 0, 0, 1, 1] ),Support: 3
Class: 4.0 , Rule:(neurons: [65, 91, 62, 25, 19, 79, 1, 51, 88, 55, 83, 124, 115, 109, 76] ,signature: [1, 0, 1, 1, 0, 0, 0, 1, 0, 1, 0, 1, 1, 0, 0] ),Support: 3
Class: 4.0 , Rule:(neurons: [65, 91, 62, 25, 19, 79, 1, 115, 116, 2, 51, 29, 38, 61] ,signature: [1, 0, 1, 1, 0, 0, 1, 1, 0, 0, 0, 0, 1, 0] ),Support: 3
Class: 4.0 , Rule:(neurons: [65, 91, 62, 25, 19, 73, 7, 4, 82, 84, 116, 46, 1, 77, 13, 17] ,signature: [1, 0, 1, 1, 1, 0, 0, 1, 1, 0, 0, 0, 1, 0, 1, 0] ),Support: 3
Class: 4.0 , Rule:(neurons: [65, 91, 62, 25, 19, 73, 7, 4, 82, 84, 9, 77, 35, 54, 99, 49, 51] ,signature: [1, 0, 1, 1, 1, 0, 0, 1, 1, 1, 0, 0, 1, 1, 1, 1, 0] ),Support: 3
Class: 4.0 , Rule:(neurons: [65, 22, 28, 17, 96, 62, 45, 0, 29, 91, 69] ,signature: [0, 0, 0, 0, 0, 0, 1, 1, 0, 0, 1] ),Support: 2
Class: 4.0 , Rule:(neurons: [65, 22, 28, 17, 96, 118, 0, 82, 77, 62, 57, 124, 88, 92] ,signature: [0, 0, 0, 0, 1, 0, 0, 1, 1, 0, 1, 0, 1, 0] ),Support: 2
Class: 4.0 , Rule:(neurons: [65, 22, 28, 17, 96, 118, 62, 104, 35, 21, 19] ,signature: [0, 0, 0, 0, 1, 1, 1, 1, 0, 0, 1] ),Support: 2
Class: 4.0 , Rule:(neurons: [65, 22, 28, 17, 14, 48, 113, 77, 79, 68, 20, 5, 1, 108] ,signature: [0, 0, 0, 1, 0, 0, 0, 0, 1, 0, 1, 0, 1, 1] ),Support: 2
Class: 4.0 , Rule:(neurons: [65, 22, 28, 17, 14, 48, 113, 19, 76, 127, 97, 108, 91, 89, 105, 93, 121] ,signature: [0, 0, 0, 1, 0, 0, 1, 0, 0, 0, 0, 1, 0, 0, 1, 0, 1] ),Support: 2
Class: 4.0 , Rule:(neurons: [65, 22, 28, 17, 14, 48, 113, 19, 76, 127, 97, 43, 69] ,signature: [0, 0, 0, 1, 0, 0, 1, 0, 0, 0, 1, 1, 1] ),Support: 2
Class: 4.0 , Rule:(neurons: [65, 22, 28, 17, 14, 48, 113, 19, 105, 62, 44, 13, 42] ,signature: [0, 0, 0, 1, 0, 0, 1, 1, 0, 0, 1, 0, 0] ),Support: 2
Class: 4.0 , Rule:(neurons: [65, 22, 28, 17, 14, 48, 113, 19, 105, 61, 62, 49, 52, 34, 39, 27, 84, 102, 99] ,signature: [0, 0, 0, 1, 0, 0, 1, 1, 1, 0, 0, 0, 0, 0, 1, 0, 1, 1, 0] ),Support: 2
Class: 4.0 , Rule:(neurons: [65, 22, 28, 17, 14, 48, 113, 19, 105, 61, 62, 49, 52, 76, 25] ,signature: [0, 0, 0, 1, 0, 0, 1, 1, 1, 0, 0, 0, 1, 0, 1] ),Support: 2
Class: 4.0 , Rule:(neurons: [65, 22, 28, 17, 14, 48, 45, 113, 20, 75, 106] ,signature: [0, 0, 0, 1, 0, 1, 0, 0, 1, 0, 0] ),Support: 2
Class: 4.0 , Rule:(neurons: [65, 22, 28, 17, 14, 48, 45, 113, 62, 79, 84, 109] ,signature: [0, 0, 0, 1, 0, 1, 0, 1, 0, 0, 1, 0] ),Support: 2
Class: 4.0 , Rule:(neurons: [65, 22, 28, 17, 14, 48, 45, 4, 61, 84, 127, 16, 121] ,signature: [0, 0, 0, 1, 0, 1, 1, 0, 0, 0, 0, 1, 1] ),Support: 2
Class: 4.0 , Rule:(neurons: [65, 22, 28, 17, 14, 48, 45, 4, 94, 9, 44, 27, 68, 25, 19, 64] ,signature: [0, 0, 0, 1, 0, 1, 1, 1, 0, 0, 0, 1, 1, 1, 1, 0] ),Support: 2
Class: 4.0 , Rule:(neurons: [65, 22, 28, 17, 14, 48, 45, 4, 94, 9, 44, 110, 5, 99, 74] ,signature: [0, 0, 0, 1, 0, 1, 1, 1, 0, 0, 1, 1, 1, 0, 0] ),Support: 2
Class: 4.0 , Rule:(neurons: [65, 22, 28, 19, 68, 29, 66, 110, 114, 109] ,signature: [0, 0, 1, 0, 1, 0, 0, 0, 1, 0] ),Support: 2
Class: 4.0 , Rule:(neurons: [65, 22, 28, 19, 62, 17, 34, 54, 126, 116, 46, 25] ,signature: [0, 0, 1, 1, 0, 0, 1, 0, 1, 0, 0, 1] ),Support: 2
Class: 4.0 , Rule:(neurons: [65, 22, 28, 19, 62, 17, 66, 80, 38, 106, 42, 92] ,signature: [0, 0, 1, 1, 0, 1, 1, 1, 1, 0, 0, 1] ),Support: 2
Class: 4.0 , Rule:(neurons: [65, 22, 28, 19, 62, 104, 99, 119, 11, 121, 44] ,signature: [0, 0, 1, 1, 1, 0, 1, 1, 1, 1, 1] ),Support: 2
Class: 4.0 , Rule:(neurons: [65, 22, 61, 26, 94, 1, 118, 57, 74, 8, 93, 25, 108, 27] ,signature: [0, 1, 0, 1, 1, 0, 1, 1, 1, 1, 0, 1, 1, 1] ),Support: 2
Class: 4.0 , Rule:(neurons: [65, 22, 61, 26, 94, 1, 118, 57, 74, 8, 93, 113, 20, 40, 79, 102] ,signature: [0, 1, 0, 1, 1, 0, 1, 1, 1, 1, 1, 1, 1, 0, 1, 1] ),Support: 2
Class: 4.0 , Rule:(neurons: [65, 22, 61, 92, 47, 64, 69, 36, 38] ,signature: [0, 1, 1, 1, 0, 0, 0, 0, 1] ),Support: 2
Class: 4.0 , Rule:(neurons: [65, 22, 61, 92, 47, 64, 84, 15, 4] ,signature: [0, 1, 1, 1, 0, 1, 0, 0, 1] ),Support: 2
Class: 4.0 , Rule:(neurons: [65, 22, 61, 92, 47, 64, 84, 19, 122, 79] ,signature: [0, 1, 1, 1, 0, 1, 1, 0, 0, 1] ),Support: 2
Class: 4.0 , Rule:(neurons: [65, 91, 62, 4, 106, 1, 49, 79, 52, 77, 85, 104] ,signature: [1, 0, 0, 0, 1, 0, 0, 1, 0, 0, 0, 0] ),Support: 2
Class: 4.0 , Rule:(neurons: [65, 91, 62, 4, 25, 97, 71, 48, 19, 9, 13, 7, 1] ,signature: [1, 0, 0, 1, 1, 0, 1, 0, 1, 0, 0, 1, 1] ),Support: 2
Class: 4.0 , Rule:(neurons: [65, 91, 62, 4, 25, 97, 71, 48, 21, 44, 49, 115, 38, 80, 101, 69, 34, 52] ,signature: [1, 0, 0, 1, 1, 0, 1, 1, 0, 1, 0, 1, 0, 1, 1, 1, 0, 1] ),Support: 2
Class: 4.0 , Rule:(neurons: [65, 91, 62, 4, 25, 97, 71, 48, 21, 44, 49, 82, 121, 106, 51, 118, 24, 102] ,signature: [1, 0, 0, 1, 1, 0, 1, 1, 0, 1, 1, 1, 1, 1, 1, 0, 0, 1] ),Support: 2
Class: 4.0 , Rule:(neurons: [65, 91, 62, 4, 25, 97, 110, 51, 2, 48, 92, 13, 40, 105, 34, 85] ,signature: [1, 0, 0, 1, 1, 1, 0, 0, 0, 1, 0, 1, 1, 1, 1, 0] ),Support: 2
Class: 4.0 , Rule:(neurons: [65, 91, 62, 4, 25, 97, 110, 51, 2, 26, 104, 32, 84, 109] ,signature: [1, 0, 0, 1, 1, 1, 0, 0, 1, 0, 1, 0, 1, 1] ),Support: 2
Class: 4.0 , Rule:(neurons: [65, 91, 62, 4, 25, 97, 110, 51, 79, 115, 15, 89, 19] ,signature: [1, 0, 0, 1, 1, 1, 0, 1, 0, 1, 0, 0, 1] ),Support: 2
Class: 4.0 , Rule:(neurons: [65, 91, 62, 4, 25, 97, 110, 51, 79, 115, 15, 121] ,signature: [1, 0, 0, 1, 1, 1, 0, 1, 0, 1, 1, 1] ),Support: 2
Class: 4.0 , Rule:(neurons: [65, 91, 62, 4, 25, 97, 110, 51, 79, 9, 102, 15, 42, 2] ,signature: [1, 0, 0, 1, 1, 1, 0, 1, 1, 0, 0, 0, 0, 1] ),Support: 2
Class: 4.0 , Rule:(neurons: [65, 91, 62, 25, 19, 79, 1, 51, 88, 55, 73, 2, 45, 94, 34, 29, 42, 84, 117, 69, 36, 102] ,signature: [1, 0, 1, 1, 0, 0, 0, 1, 0, 0, 0, 0, 1, 0, 1, 0, 1, 0, 1, 1, 1, 1] ),Support: 2
Class: 4.0 , Rule:(neurons: [65, 91, 62, 25, 19, 79, 1, 51, 88, 55, 73, 29, 46, 48, 110, 101, 124, 5, 78] ,signature: [1, 0, 1, 1, 0, 0, 0, 1, 0, 0, 1, 0, 0, 1, 0, 1, 1, 0, 1] ),Support: 2
Class: 4.0 , Rule:(neurons: [65, 91, 62, 25, 19, 79, 1, 51, 88, 55, 73, 29, 46, 48, 110, 101, 124, 5, 85, 24] ,signature: [1, 0, 1, 1, 0, 0, 0, 1, 0, 0, 1, 0, 0, 1, 0, 1, 1, 1, 0, 1] ),Support: 2
Class: 4.0 , Rule:(neurons: [65, 91, 62, 25, 19, 79, 1, 51, 88, 55, 73, 29, 16, 106, 100, 76, 86, 123, 34, 13, 124, 83, 99] ,signature: [1, 0, 1, 1, 0, 0, 0, 1, 0, 0, 1, 1, 0, 1, 1, 0, 1, 1, 0, 0, 1, 0, 1] ),Support: 2
Class: 4.0 , Rule:(neurons: [65, 91, 62, 25, 19, 79, 1, 51, 88, 55, 73, 29, 16, 106, 100, 76, 86, 123, 34, 13] ,signature: [1, 0, 1, 1, 0, 0, 0, 1, 0, 0, 1, 1, 0, 1, 1, 0, 1, 1, 0, 1] ),Support: 2
Class: 4.0 , Rule:(neurons: [65, 91, 62, 25, 19, 79, 1, 51, 88, 55, 73, 29, 16, 106, 100, 76, 86, 123, 34, 116, 33, 94, 67, 81, 113, 59] ,signature: [1, 0, 1, 1, 0, 0, 0, 1, 0, 0, 1, 1, 0, 1, 1, 0, 1, 1, 1, 0, 1, 0, 0, 0, 1, 0] ),Support: 2
Class: 4.0 , Rule:(neurons: [65, 91, 62, 25, 19, 79, 1, 51, 88, 55, 73, 29, 16, 106, 100, 76, 113, 49] ,signature: [1, 0, 1, 1, 0, 0, 0, 1, 0, 0, 1, 1, 0, 1, 1, 1, 0, 0] ),Support: 2
Class: 4.0 , Rule:(neurons: [65, 91, 62, 25, 19, 79, 1, 51, 88, 55, 83, 82, 85, 102, 99] ,signature: [1, 0, 1, 1, 0, 0, 0, 1, 0, 1, 1, 0, 0, 1, 0] ),Support: 2
Class: 4.0 , Rule:(neurons: [65, 91, 62, 25, 19, 79, 1, 51, 88, 15, 55, 64, 108, 48] ,signature: [1, 0, 1, 1, 0, 0, 0, 1, 1, 0, 0, 0, 0, 1] ),Support: 2
Class: 4.0 , Rule:(neurons: [65, 91, 62, 25, 19, 79, 1, 51, 88, 15, 55, 64, 108, 61, 73, 83, 96, 127] ,signature: [1, 0, 1, 1, 0, 0, 0, 1, 1, 0, 0, 0, 1, 0, 1, 1, 0, 1] ),Support: 2
Class: 4.0 , Rule:(neurons: [65, 91, 62, 25, 19, 79, 21, 4, 66, 118, 106, 24, 48, 110, 73, 26] ,signature: [1, 0, 1, 1, 0, 1, 0, 1, 1, 0, 1, 1, 1, 0, 1, 1] ),Support: 2
Class: 4.0 , Rule:(neurons: [65, 91, 62, 25, 19, 79, 21, 4, 66, 118, 68, 82] ,signature: [1, 0, 1, 1, 0, 1, 0, 1, 1, 1, 0, 1] ),Support: 2
Class: 4.0 , Rule:(neurons: [65, 91, 62, 25, 19, 79, 21, 4, 66, 118, 68, 115, 94, 35] ,signature: [1, 0, 1, 1, 0, 1, 0, 1, 1, 1, 1, 1, 1, 0] ),Support: 2
Class: 4.0 , Rule:(neurons: [65, 91, 62, 25, 19, 79, 21, 127, 102, 67, 33, 121, 35, 96] ,signature: [1, 0, 1, 1, 0, 1, 1, 1, 0, 0, 1, 1, 0, 1] ),Support: 2
Class: 4.0 , Rule:(neurons: [65, 91, 62, 25, 19, 79, 21, 127, 102, 67, 33, 121, 35, 2, 83, 29, 36, 28] ,signature: [1, 0, 1, 1, 0, 1, 1, 1, 0, 0, 1, 1, 1, 0, 1, 0, 1, 0] ),Support: 2
Class: 4.0 , Rule:(neurons: [65, 91, 62, 25, 19, 79, 21, 127, 102, 67, 33, 121, 35, 2, 4] ,signature: [1, 0, 1, 1, 0, 1, 1, 1, 0, 0, 1, 1, 1, 1, 1] ),Support: 2
Class: 4.0 , Rule:(neurons: [65, 91, 62, 25, 19, 73, 7, 4, 82, 127, 80, 51, 38] ,signature: [1, 0, 1, 1, 1, 0, 0, 1, 0, 1, 1, 0, 1] ),Support: 2
Class: 4.0 , Rule:(neurons: [65, 91, 62, 25, 19, 73, 7, 4, 82, 84, 116, 46, 1, 42, 34] ,signature: [1, 0, 1, 1, 1, 0, 0, 1, 1, 0, 0, 0, 0, 0, 0] ),Support: 2
Class: 4.0 , Rule:(neurons: [65, 91, 62, 25, 19, 73, 7, 4, 82, 84, 9, 77, 35, 54, 27] ,signature: [1, 0, 1, 1, 1, 0, 0, 1, 1, 1, 0, 0, 1, 0, 0] ),Support: 2
Class: 4.0 , Rule:(neurons: [65, 91, 62, 25, 19, 73, 7, 4, 82, 84, 9, 77, 35, 54, 99, 49, 88, 51, 124] ,signature: [1, 0, 1, 1, 1, 0, 0, 1, 1, 1, 0, 0, 1, 1, 1, 0, 1, 1, 0] ),Support: 2
Class: 4.0 , Rule:(neurons: [65, 91, 62, 25, 19, 73, 7, 1, 79, 51, 114, 55, 84, 80] ,signature: [1, 0, 1, 1, 1, 0, 1, 0, 0, 1, 1, 1, 1, 0] ),Support: 2
Class: 4.0 , Rule:(neurons: [65, 91, 62, 25, 19, 73, 7, 1, 79, 51, 114, 55, 84, 80, 33, 78, 34, 101, 20] ,signature: [1, 0, 1, 1, 1, 0, 1, 0, 0, 1, 1, 1, 1, 1, 1, 0, 0, 0, 1] ),Support: 2
Class: 4.0 , Rule:(neurons: [65, 91, 62, 25, 19, 73, 7, 1, 24, 22, 54, 93, 11] ,signature: [1, 0, 1, 1, 1, 0, 1, 1, 1, 1, 0, 1, 1] ),Support: 2
Class: 4.0 , Rule:(neurons: [65, 91, 62, 25, 19, 73, 7, 1, 24, 22, 54, 96, 110, 36] ,signature: [1, 0, 1, 1, 1, 0, 1, 1, 1, 1, 1, 1, 1, 0] ),Support: 2
Class: 4.0 , Rule:(neurons: [65, 91, 62, 25, 19, 73, 4, 102, 99, 92] ,signature: [1, 0, 1, 1, 1, 1, 0, 1, 1, 0] ),Support: 2
Class: 4.0 , Rule:(neurons: [65, 91, 82, 63, 127, 25, 1, 14, 79, 29, 122, 80] ,signature: [1, 1, 1, 1, 1, 1, 0, 0, 1, 1, 1, 1] ),Support: 2
Class: 4.0 , Rule:(neurons: [65, 22, 28, 17, 96, 62, 45, 0, 76, 29, 52, 86, 16, 21, 105, 94, 109] ,signature: [0, 0, 0, 0, 0, 0, 1, 0, 0, 0, 1, 0, 1, 0, 1, 0, 1] ),Support: 1
Class: 4.0 , Rule:(neurons: [65, 22, 28, 17, 96, 62, 45, 0, 76, 29, 52, 86, 10, 108] ,signature: [0, 0, 0, 0, 0, 0, 1, 0, 0, 0, 1, 1, 1, 1] ),Support: 1
Class: 4.0 , Rule:(neurons: [65, 22, 28, 17, 96, 62, 45, 0, 76, 29, 108, 97, 93, 91, 99] ,signature: [0, 0, 0, 0, 0, 0, 1, 0, 0, 1, 1, 0, 0, 0, 0] ),Support: 1
Class: 4.0 , Rule:(neurons: [65, 22, 28, 17, 96, 62, 45, 0, 76, 29, 108, 97, 93, 94, 64, 48] ,signature: [0, 0, 0, 0, 0, 0, 1, 0, 0, 1, 1, 0, 1, 0, 1, 1] ),Support: 1
Class: 4.0 , Rule:(neurons: [65, 22, 28, 17, 96, 62, 45, 0, 29, 91, 69, 3, 32, 104, 99, 21] ,signature: [0, 0, 0, 0, 0, 0, 1, 1, 0, 0, 0, 0, 1, 1, 1, 0] ),Support: 1
Class: 4.0 , Rule:(neurons: [65, 22, 28, 17, 96, 118, 0, 82, 77, 110, 40, 63, 52, 79, 1, 55] ,signature: [0, 0, 0, 0, 1, 0, 0, 1, 0, 0, 1, 1, 1, 1, 0, 1] ),Support: 1
Class: 4.0 , Rule:(neurons: [65, 22, 28, 17, 96, 118, 62, 104, 122, 20, 91, 127, 0, 40, 86, 38, 69] ,signature: [0, 0, 0, 0, 1, 1, 1, 0, 0, 1, 0, 1, 0, 1, 1, 1, 1] ),Support: 1
Class: 4.0 , Rule:(neurons: [65, 22, 28, 17, 96, 118, 62, 104, 122, 20, 91, 127, 0, 32, 113, 57, 54, 124] ,signature: [0, 0, 0, 0, 1, 1, 1, 0, 0, 1, 0, 1, 1, 1, 1, 1, 0, 0] ),Support: 1
Class: 4.0 , Rule:(neurons: [65, 22, 28, 17, 14, 48, 113, 77, 79, 122, 102, 20, 104, 110, 124, 21, 52] ,signature: [0, 0, 0, 1, 0, 0, 0, 0, 0, 0, 0, 1, 0, 1, 0, 0, 1] ),Support: 1
Class: 4.0 , Rule:(neurons: [65, 22, 28, 17, 14, 48, 113, 77, 79, 122, 102, 25, 80, 99, 2, 110, 116] ,signature: [0, 0, 0, 1, 0, 0, 0, 0, 0, 0, 1, 1, 1, 1, 1, 0, 1] ),Support: 1
Class: 4.0 , Rule:(neurons: [65, 22, 28, 17, 14, 48, 113, 77, 79, 122, 43, 31, 110, 29] ,signature: [0, 0, 0, 1, 0, 0, 0, 0, 0, 1, 1, 1, 0, 0] ),Support: 1
Class: 4.0 , Rule:(neurons: [65, 22, 28, 17, 14, 48, 113, 77, 79, 68, 20, 4, 38, 69] ,signature: [0, 0, 0, 1, 0, 0, 0, 0, 1, 0, 0, 1, 1, 0] ),Support: 1
Class: 4.0 , Rule:(neurons: [65, 22, 28, 17, 14, 48, 113, 77, 79, 68, 20, 5, 1, 85, 83, 3, 93] ,signature: [0, 0, 0, 1, 0, 0, 0, 0, 1, 0, 1, 0, 0, 1, 1, 1, 0] ),Support: 1
Class: 4.0 , Rule:(neurons: [65, 22, 28, 17, 14, 48, 113, 77, 79, 68, 20, 5, 78, 29] ,signature: [0, 0, 0, 1, 0, 0, 0, 0, 1, 0, 1, 1, 1, 0] ),Support: 1
Class: 4.0 , Rule:(neurons: [65, 22, 28, 17, 14, 48, 113, 77, 27, 35, 116, 123] ,signature: [0, 0, 0, 1, 0, 0, 0, 1, 0, 0, 1, 1] ),Support: 1
Class: 4.0 , Rule:(neurons: [65, 22, 28, 17, 14, 48, 113, 77, 27, 35, 20, 4, 78, 106, 76] ,signature: [0, 0, 0, 1, 0, 0, 0, 1, 0, 1, 1, 1, 0, 0, 0] ),Support: 1
Class: 4.0 , Rule:(neurons: [65, 22, 28, 17, 14, 48, 113, 77, 27, 104, 124, 116, 102, 68, 110] ,signature: [0, 0, 0, 1, 0, 0, 0, 1, 1, 1, 0, 1, 0, 1, 0] ),Support: 1
Class: 4.0 , Rule:(neurons: [65, 22, 28, 17, 14, 48, 113, 19, 76, 127, 104, 0, 21, 73, 42, 61] ,signature: [0, 0, 0, 1, 0, 0, 1, 0, 0, 1, 0, 0, 0, 0, 0, 0] ),Support: 1
Class: 4.0 , Rule:(neurons: [65, 22, 28, 17, 14, 48, 113, 19, 76, 52, 122, 79, 57, 104, 31, 11, 127, 93, 91, 69, 89] ,signature: [0, 0, 0, 1, 0, 0, 1, 0, 1, 0, 0, 0, 1, 0, 1, 0, 0, 1, 0, 1, 0] ),Support: 1
Class: 4.0 , Rule:(neurons: [65, 22, 28, 17, 14, 48, 113, 19, 76, 52, 122, 79, 57, 104, 124, 47, 82, 89] ,signature: [0, 0, 0, 1, 0, 0, 1, 0, 1, 0, 0, 0, 1, 1, 0, 0, 1, 0] ),Support: 1
Class: 4.0 , Rule:(neurons: [65, 22, 28, 17, 14, 48, 113, 19, 76, 52, 122, 79, 20, 5, 68, 30, 92, 99, 7] ,signature: [0, 0, 0, 1, 0, 0, 1, 0, 1, 0, 0, 1, 1, 0, 0, 1, 1, 1, 0] ),Support: 1
Class: 4.0 , Rule:(neurons: [65, 22, 28, 17, 14, 48, 113, 19, 76, 52, 122, 79, 20, 5, 104, 7, 105] ,signature: [0, 0, 0, 1, 0, 0, 1, 0, 1, 0, 0, 1, 1, 1, 1, 0, 0] ),Support: 1
Class: 4.0 , Rule:(neurons: [65, 22, 28, 17, 14, 48, 113, 19, 76, 52, 62, 51, 68, 116, 98, 66, 11, 5, 127] ,signature: [0, 0, 0, 1, 0, 0, 1, 0, 1, 1, 0, 0, 0, 0, 1, 1, 0, 0, 0] ),Support: 1
Class: 4.0 , Rule:(neurons: [65, 22, 28, 17, 14, 48, 113, 19, 105, 62, 44, 66, 91, 80, 42, 110, 75, 119, 38, 2, 68] ,signature: [0, 0, 0, 1, 0, 0, 1, 1, 0, 0, 0, 1, 0, 1, 1, 0, 1, 1, 0, 0, 1] ),Support: 1
Class: 4.0 , Rule:(neurons: [65, 22, 28, 17, 14, 48, 113, 19, 105, 62, 44, 66, 91, 80, 42, 110, 75, 119, 38, 4] ,signature: [0, 0, 0, 1, 0, 0, 1, 1, 0, 0, 0, 1, 0, 1, 1, 0, 1, 1, 1, 1] ),Support: 1
Class: 4.0 , Rule:(neurons: [65, 22, 28, 17, 14, 48, 113, 19, 105, 62, 44, 13, 1, 74, 76] ,signature: [0, 0, 0, 1, 0, 0, 1, 1, 0, 0, 1, 1, 0, 1, 0] ),Support: 1
Class: 4.0 , Rule:(neurons: [65, 22, 28, 17, 14, 48, 113, 19, 105, 62, 127, 5, 78] ,signature: [0, 0, 0, 1, 0, 0, 1, 1, 0, 1, 0, 0, 0] ),Support: 1
Class: 4.0 , Rule:(neurons: [65, 22, 28, 17, 14, 48, 113, 19, 105, 61, 62, 49, 52, 34, 33, 31, 91, 69, 63] ,signature: [0, 0, 0, 1, 0, 0, 1, 1, 1, 0, 0, 0, 0, 1, 0, 0, 0, 1, 1] ),Support: 1
Class: 4.0 , Rule:(neurons: [65, 22, 28, 17, 14, 48, 113, 19, 105, 61, 26, 36, 20] ,signature: [0, 0, 0, 1, 0, 0, 1, 1, 1, 1, 0, 0, 0] ),Support: 1
Class: 4.0 , Rule:(neurons: [65, 22, 28, 17, 14, 48, 45, 113, 20, 36, 51] ,signature: [0, 0, 0, 1, 0, 1, 0, 0, 0, 1, 1] ),Support: 1
Class: 4.0 , Rule:(neurons: [65, 22, 28, 17, 14, 48, 45, 113, 20, 75, 55] ,signature: [0, 0, 0, 1, 0, 1, 0, 0, 1, 1, 0] ),Support: 1
Class: 4.0 , Rule:(neurons: [65, 22, 28, 17, 14, 48, 45, 113, 62, 79, 0, 100, 110, 109, 33, 88] ,signature: [0, 0, 0, 1, 0, 1, 0, 1, 0, 1, 1, 1, 1, 0, 0, 1] ),Support: 1
Class: 4.0 , Rule:(neurons: [65, 22, 28, 17, 14, 48, 45, 113, 62, 61, 4, 108] ,signature: [0, 0, 0, 1, 0, 1, 0, 1, 1, 0, 1, 0] ),Support: 1
Class: 4.0 , Rule:(neurons: [65, 22, 28, 17, 14, 48, 45, 4, 61, 89, 2, 7, 121, 27] ,signature: [0, 0, 0, 1, 0, 1, 1, 0, 1, 0, 1, 1, 0, 1] ),Support: 1
Class: 4.0 , Rule:(neurons: [65, 22, 28, 17, 14, 48, 45, 4, 61, 89, 46, 36, 124, 5, 38, 105] ,signature: [0, 0, 0, 1, 0, 1, 1, 0, 1, 1, 0, 0, 0, 0, 1, 0] ),Support: 1
Class: 4.0 , Rule:(neurons: [65, 22, 28, 17, 14, 48, 45, 4, 94, 9, 44, 27, 55, 73] ,signature: [0, 0, 0, 1, 0, 1, 1, 1, 0, 0, 0, 0, 0, 1] ),Support: 1
Class: 4.0 , Rule:(neurons: [65, 22, 28, 17, 14, 48, 45, 4, 94, 9, 44, 110, 57, 63, 122, 106, 39, 52] ,signature: [0, 0, 0, 1, 0, 1, 1, 1, 0, 0, 1, 0, 1, 0, 0, 1, 0, 0] ),Support: 1
Class: 4.0 , Rule:(neurons: [65, 22, 28, 17, 14, 48, 45, 4, 94, 9, 44, 110, 57, 63, 122, 113] ,signature: [0, 0, 0, 1, 0, 1, 1, 1, 0, 0, 1, 0, 1, 0, 1, 0] ),Support: 1
Class: 4.0 , Rule:(neurons: [65, 22, 28, 17, 14, 48, 45, 4, 94, 9, 44, 110, 57, 63, 49, 2, 66, 104] ,signature: [0, 0, 0, 1, 0, 1, 1, 1, 0, 0, 1, 0, 1, 1, 0, 1, 0, 1] ),Support: 1
Class: 4.0 , Rule:(neurons: [65, 22, 28, 17, 14, 48, 45, 4, 94, 9, 44, 110, 57, 63, 49, 2, 66, 115, 73, 105] ,signature: [0, 0, 0, 1, 0, 1, 1, 1, 0, 0, 1, 0, 1, 1, 0, 1, 1, 0, 0, 0] ),Support: 1
Class: 4.0 , Rule:(neurons: [65, 22, 28, 17, 14, 48, 45, 4, 94, 9, 44, 110, 57, 63, 49, 2, 66, 115, 55, 78, 127, 108] ,signature: [0, 0, 0, 1, 0, 1, 1, 1, 0, 0, 1, 0, 1, 1, 0, 1, 1, 1, 1, 1, 1, 0] ),Support: 1
Class: 4.0 , Rule:(neurons: [65, 22, 28, 17, 14, 48, 45, 4, 94, 9, 36, 61, 10, 39, 77, 1] ,signature: [0, 0, 0, 1, 0, 1, 1, 1, 0, 1, 0, 1, 0, 1, 1, 0] ),Support: 1
Class: 4.0 , Rule:(neurons: [65, 22, 28, 17, 14, 48, 45, 4, 94, 127, 99, 69, 26, 74] ,signature: [0, 0, 0, 1, 0, 1, 1, 1, 1, 0, 1, 0, 1, 0] ),Support: 1
Class: 4.0 , Rule:(neurons: [65, 22, 28, 17, 14, 29, 43, 62, 51, 3, 124, 9, 101, 84, 85] ,signature: [0, 0, 0, 1, 1, 0, 1, 0, 0, 0, 0, 0, 0, 0, 0] ),Support: 1
Class: 4.0 , Rule:(neurons: [65, 22, 28, 17, 14, 29, 10, 106, 5, 64, 93, 85, 68, 110, 73, 127] ,signature: [0, 0, 0, 1, 1, 1, 0, 0, 0, 1, 1, 1, 1, 0, 1, 1] ),Support: 1
Class: 4.0 , Rule:(neurons: [65, 22, 28, 19, 68, 116, 8, 104, 43, 34, 84, 66] ,signature: [0, 0, 1, 0, 0, 1, 1, 0, 1, 0, 1, 1] ),Support: 1
Class: 4.0 , Rule:(neurons: [65, 22, 28, 19, 62, 17, 66, 79, 104, 124, 68, 102, 75] ,signature: [0, 0, 1, 1, 0, 1, 0, 0, 1, 0, 0, 0, 0] ),Support: 1
Class: 4.0 , Rule:(neurons: [65, 22, 28, 19, 62, 17, 66, 79, 110, 47, 29, 38] ,signature: [0, 0, 1, 1, 0, 1, 0, 1, 0, 0, 0, 1] ),Support: 1
Class: 4.0 , Rule:(neurons: [65, 22, 28, 19, 62, 17, 66, 79, 110, 47, 2, 109] ,signature: [0, 0, 1, 1, 0, 1, 0, 1, 0, 1, 0, 0] ),Support: 1
Class: 4.0 , Rule:(neurons: [65, 22, 28, 19, 62, 17, 66, 80, 73, 77, 64, 104, 7, 76] ,signature: [0, 0, 1, 1, 0, 1, 1, 0, 0, 0, 0, 1, 0, 1] ),Support: 1
Class: 4.0 , Rule:(neurons: [65, 22, 28, 19, 62, 17, 66, 80, 38, 51, 2, 77, 52, 0, 82, 11, 73, 32] ,signature: [0, 0, 1, 1, 0, 1, 1, 1, 0, 0, 1, 0, 1, 1, 1, 1, 0, 0] ),Support: 1
Class: 4.0 , Rule:(neurons: [65, 22, 28, 19, 62, 17, 66, 80, 38, 51, 2, 77, 52, 0, 82, 11, 73, 32, 76, 40] ,signature: [0, 0, 1, 1, 0, 1, 1, 1, 0, 0, 1, 0, 1, 1, 1, 1, 0, 1, 0, 1] ),Support: 1
Class: 4.0 , Rule:(neurons: [65, 22, 28, 19, 62, 17, 66, 80, 38, 51, 2, 77, 52, 0, 82, 11, 73] ,signature: [0, 0, 1, 1, 0, 1, 1, 1, 0, 0, 1, 0, 1, 1, 1, 1, 1] ),Support: 1
Class: 4.0 , Rule:(neurons: [65, 22, 28, 19, 62, 17, 66, 80, 38, 51, 15, 45] ,signature: [0, 0, 1, 1, 0, 1, 1, 1, 0, 1, 1, 1] ),Support: 1
Class: 4.0 , Rule:(neurons: [65, 22, 28, 19, 62, 17, 66, 80, 38, 106, 29, 109] ,signature: [0, 0, 1, 1, 0, 1, 1, 1, 1, 1, 1, 0] ),Support: 1
Class: 4.0 , Rule:(neurons: [65, 22, 28, 19, 62, 104, 99, 119, 11, 21, 88, 84] ,signature: [0, 0, 1, 1, 1, 0, 1, 1, 0, 0, 1, 0] ),Support: 1
Class: 4.0 , Rule:(neurons: [65, 22, 28, 19, 62, 104, 99, 119, 11, 21, 20, 89, 33, 57, 92] ,signature: [0, 0, 1, 1, 1, 0, 1, 1, 0, 1, 1, 1, 1, 1, 1] ),Support: 1
Class: 4.0 , Rule:(neurons: [65, 22, 28, 19, 62, 104, 118, 99, 79, 49, 2] ,signature: [0, 0, 1, 1, 1, 1, 0, 1, 0, 0, 0] ),Support: 1
Class: 4.0 , Rule:(neurons: [65, 22, 28, 19, 62, 104, 118, 79, 61, 55, 81, 40] ,signature: [0, 0, 1, 1, 1, 1, 1, 0, 0, 1, 0, 1] ),Support: 1
Class: 4.0 , Rule:(neurons: [65, 22, 28, 19, 62, 104, 118, 79, 25, 127, 115, 89] ,signature: [0, 0, 1, 1, 1, 1, 1, 1, 1, 0, 0, 1] ),Support: 1
Class: 4.0 , Rule:(neurons: [65, 22, 61, 26, 94, 25, 14, 44, 98, 40, 0, 108] ,signature: [0, 1, 0, 1, 0, 1, 0, 0, 0, 0, 0, 0] ),Support: 1
Class: 4.0 , Rule:(neurons: [65, 22, 61, 26, 94, 25, 14, 44, 98, 40, 105, 106, 84, 47] ,signature: [0, 1, 0, 1, 0, 1, 0, 0, 0, 1, 1, 0, 1, 0] ),Support: 1
Class: 4.0 , Rule:(neurons: [65, 22, 61, 26, 94, 25, 14, 44, 80, 48, 24, 38, 17, 1] ,signature: [0, 1, 0, 1, 0, 1, 0, 1, 1, 1, 1, 0, 0, 0] ),Support: 1
Class: 4.0 , Rule:(neurons: [65, 22, 61, 26, 94, 25, 14, 44, 80, 48, 24, 38, 68, 55] ,signature: [0, 1, 0, 1, 0, 1, 0, 1, 1, 1, 1, 1, 0, 1] ),Support: 1
Class: 4.0 , Rule:(neurons: [65, 22, 61, 26, 94, 1, 118, 57, 74, 8, 93, 113, 20, 40, 35, 55] ,signature: [0, 1, 0, 1, 1, 0, 1, 1, 1, 1, 1, 1, 1, 1, 0, 0] ),Support: 1
Class: 4.0 , Rule:(neurons: [65, 22, 61, 26, 94, 1, 118, 57, 74, 8, 93, 113, 20, 40, 35, 69, 91, 55, 54] ,signature: [0, 1, 0, 1, 1, 0, 1, 1, 1, 1, 1, 1, 1, 1, 1, 1, 0, 0, 0] ),Support: 1
Class: 4.0 , Rule:(neurons: [65, 22, 61, 26, 94, 1, 118, 91, 93, 45, 69] ,signature: [0, 1, 0, 1, 1, 1, 1, 0, 0, 1, 1] ),Support: 1
Class: 4.0 , Rule:(neurons: [65, 22, 61, 26, 94, 1, 118, 91, 2, 86, 102, 76, 124] ,signature: [0, 1, 0, 1, 1, 1, 1, 1, 0, 1, 0, 1, 0] ),Support: 1
Class: 4.0 , Rule:(neurons: [65, 22, 61, 92, 10, 69, 85] ,signature: [0, 1, 1, 0, 0, 1, 0] ),Support: 1
Class: 4.0 , Rule:(neurons: [65, 22, 61, 92, 10, 47, 44, 89, 93, 124] ,signature: [0, 1, 1, 0, 1, 0, 0, 0, 1, 1] ),Support: 1
Class: 4.0 , Rule:(neurons: [65, 22, 61, 92, 10, 47, 44, 89, 106, 17, 4, 113, 15] ,signature: [0, 1, 1, 0, 1, 0, 0, 1, 1, 1, 1, 0, 0] ),Support: 1
Class: 4.0 , Rule:(neurons: [65, 22, 61, 92, 10, 47, 44, 104, 106, 43, 4, 29] ,signature: [0, 1, 1, 0, 1, 0, 1, 0, 1, 1, 0, 0] ),Support: 1
Class: 4.0 , Rule:(neurons: [65, 22, 61, 92, 10, 47, 39, 63, 105, 43, 93, 126, 94, 15] ,signature: [0, 1, 1, 0, 1, 1, 1, 1, 1, 1, 0, 1, 0, 0] ),Support: 1
Class: 4.0 , Rule:(neurons: [65, 22, 61, 92, 47, 64, 84, 15, 57, 96, 5, 62] ,signature: [0, 1, 1, 1, 0, 1, 0, 1, 1, 1, 1, 0] ),Support: 1
Class: 4.0 , Rule:(neurons: [65, 91, 62, 4, 106, 19, 20, 97, 75, 116, 29, 122, 124] ,signature: [1, 0, 0, 0, 0, 0, 1, 0, 0, 1, 1, 0, 0] ),Support: 1
Class: 4.0 , Rule:(neurons: [65, 91, 62, 4, 106, 19, 20, 97, 75, 51, 92, 28, 52] ,signature: [1, 0, 0, 0, 0, 0, 1, 0, 1, 0, 1, 0, 0] ),Support: 1
Class: 4.0 , Rule:(neurons: [65, 91, 62, 4, 106, 19, 0, 85, 79, 73, 114] ,signature: [1, 0, 0, 0, 0, 1, 1, 1, 1, 1, 1] ),Support: 1
Class: 4.0 , Rule:(neurons: [65, 91, 62, 4, 106, 1, 49, 79, 55, 9, 42, 96, 51, 10, 76, 75] ,signature: [1, 0, 0, 0, 1, 0, 0, 0, 0, 0, 0, 1, 0, 1, 1, 0] ),Support: 1
Class: 4.0 , Rule:(neurons: [65, 91, 62, 4, 106, 1, 49, 79, 55, 9, 42, 96, 51, 71, 116, 30] ,signature: [1, 0, 0, 0, 1, 0, 0, 0, 0, 0, 0, 1, 1, 1, 1, 1] ),Support: 1
Class: 4.0 , Rule:(neurons: [65, 91, 62, 4, 106, 1, 49, 20, 66, 92, 109, 119, 86, 116, 118] ,signature: [1, 0, 0, 0, 1, 0, 1, 0, 1, 0, 0, 1, 1, 1, 1] ),Support: 1
Class: 4.0 , Rule:(neurons: [65, 91, 62, 4, 106, 1, 49, 20, 94, 0, 124, 82, 3] ,signature: [1, 0, 0, 0, 1, 0, 1, 1, 0, 1, 0, 0, 1] ),Support: 1
Class: 4.0 , Rule:(neurons: [65, 91, 62, 4, 106, 1, 16, 85, 84, 47, 104, 97] ,signature: [1, 0, 0, 0, 1, 1, 1, 0, 0, 0, 1, 0] ),Support: 1
Class: 4.0 , Rule:(neurons: [65, 91, 62, 4, 106, 1, 16, 85, 84, 47, 79, 88] ,signature: [1, 0, 0, 0, 1, 1, 1, 0, 0, 1, 1, 1] ),Support: 1
Class: 4.0 , Rule:(neurons: [65, 91, 62, 4, 106, 1, 16, 85, 82, 97, 86, 77, 114, 61, 26, 74] ,signature: [1, 0, 0, 0, 1, 1, 1, 1, 1, 1, 1, 0, 0, 1, 0, 0] ),Support: 1
Class: 4.0 , Rule:(neurons: [65, 91, 62, 4, 25, 29, 36, 1, 104, 99, 26] ,signature: [1, 0, 0, 1, 0, 0, 0, 1, 1, 1, 1] ),Support: 1
Class: 4.0 , Rule:(neurons: [65, 91, 62, 4, 25, 97, 71, 1, 84, 123, 49, 94, 8, 21, 35, 42] ,signature: [1, 0, 0, 1, 1, 0, 0, 0, 0, 0, 0, 0, 1, 0, 0, 0] ),Support: 1
Class: 4.0 , Rule:(neurons: [65, 91, 62, 4, 25, 97, 71, 48, 19, 89, 43, 86, 93, 42, 85, 110] ,signature: [1, 0, 0, 1, 1, 0, 1, 0, 0, 1, 1, 1, 1, 0, 0, 0] ),Support: 1
Class: 4.0 , Rule:(neurons: [65, 91, 62, 4, 25, 97, 71, 48, 19, 89, 43, 86, 93, 42, 85, 39] ,signature: [1, 0, 0, 1, 1, 0, 1, 0, 0, 1, 1, 1, 1, 0, 1, 0] ),Support: 1
Class: 4.0 , Rule:(neurons: [65, 91, 62, 4, 25, 97, 71, 48, 19, 9, 13, 7, 67, 24] ,signature: [1, 0, 0, 1, 1, 0, 1, 0, 1, 0, 0, 0, 1, 0] ),Support: 1
Class: 4.0 , Rule:(neurons: [65, 91, 62, 4, 25, 97, 71, 48, 21, 44, 49, 115, 2, 7, 27, 46, 85] ,signature: [1, 0, 0, 1, 1, 0, 1, 1, 0, 1, 0, 0, 0, 0, 0, 1, 0] ),Support: 1
Class: 4.0 , Rule:(neurons: [65, 91, 62, 4, 25, 97, 71, 48, 21, 44, 49, 115, 38, 80, 55, 29] ,signature: [1, 0, 0, 1, 1, 0, 1, 1, 0, 1, 0, 1, 0, 0, 0, 0] ),Support: 1
Class: 4.0 , Rule:(neurons: [65, 91, 62, 4, 25, 97, 71, 48, 21, 44, 49, 115, 38, 80, 101, 51, 76, 54, 100] ,signature: [1, 0, 0, 1, 1, 0, 1, 1, 0, 1, 0, 1, 0, 1, 0, 0, 0, 0, 0] ),Support: 1
Class: 4.0 , Rule:(neurons: [65, 91, 62, 4, 25, 97, 71, 48, 21, 44, 49, 115, 38, 80, 101, 51, 76, 54, 94, 117, 67, 28, 59, 108, 32, 3] ,signature: [1, 0, 0, 1, 1, 0, 1, 1, 0, 1, 0, 1, 0, 1, 0, 0, 0, 1, 0, 1, 0, 0, 1, 1, 1, 1] ),Support: 1
Class: 4.0 , Rule:(neurons: [65, 91, 62, 4, 25, 97, 71, 48, 21, 44, 49, 115, 38, 80, 101, 51, 16, 102, 3] ,signature: [1, 0, 0, 1, 1, 0, 1, 1, 0, 1, 0, 1, 0, 1, 0, 1, 0, 0, 1] ),Support: 1
Class: 4.0 , Rule:(neurons: [65, 91, 62, 4, 25, 97, 71, 48, 21, 44, 49, 115, 38, 80, 101, 51, 16, 15, 33, 105] ,signature: [1, 0, 0, 1, 1, 0, 1, 1, 0, 1, 0, 1, 0, 1, 0, 1, 1, 1, 1, 0] ),Support: 1
Class: 4.0 , Rule:(neurons: [65, 91, 62, 4, 25, 97, 71, 48, 21, 44, 49, 115, 38, 9, 59, 2, 51, 63, 7, 68, 96] ,signature: [1, 0, 0, 1, 1, 0, 1, 1, 0, 1, 0, 1, 1, 0, 0, 0, 0, 0, 1, 0, 1] ),Support: 1
Class: 4.0 , Rule:(neurons: [65, 91, 62, 4, 25, 97, 71, 48, 21, 44, 49, 115, 38, 9, 59, 2, 51, 75, 7, 27, 99] ,signature: [1, 0, 0, 1, 1, 0, 1, 1, 0, 1, 0, 1, 1, 0, 0, 0, 1, 0, 0, 1, 0] ),Support: 1
Class: 4.0 , Rule:(neurons: [65, 91, 62, 4, 25, 97, 71, 48, 21, 44, 49, 115, 38, 9, 59, 2, 106, 63] ,signature: [1, 0, 0, 1, 1, 0, 1, 1, 0, 1, 0, 1, 1, 0, 0, 1, 0, 1] ),Support: 1
Class: 4.0 , Rule:(neurons: [65, 91, 62, 4, 25, 97, 71, 48, 21, 44, 49, 82, 121, 106, 51, 32, 29, 34, 61, 22] ,signature: [1, 0, 0, 1, 1, 0, 1, 1, 0, 1, 1, 1, 1, 1, 0, 1, 1, 1, 1, 0] ),Support: 1
Class: 4.0 , Rule:(neurons: [65, 91, 62, 4, 25, 97, 71, 48, 21, 44, 49, 82, 121, 106, 51, 118, 24, 93, 54, 116, 61, 29] ,signature: [1, 0, 0, 1, 1, 0, 1, 1, 0, 1, 1, 1, 1, 1, 1, 0, 1, 1, 1, 0, 1, 1] ),Support: 1
Class: 4.0 , Rule:(neurons: [65, 91, 62, 4, 25, 97, 71, 48, 21, 44, 49, 82, 121, 106, 51, 118, 81, 117] ,signature: [1, 0, 0, 1, 1, 0, 1, 1, 0, 1, 1, 1, 1, 1, 1, 1, 0, 0] ),Support: 1
Class: 4.0 , Rule:(neurons: [65, 91, 62, 4, 25, 97, 71, 48, 21, 44, 49, 82, 121, 106, 51, 118, 81, 69, 16, 101] ,signature: [1, 0, 0, 1, 1, 0, 1, 1, 0, 1, 1, 1, 1, 1, 1, 1, 1, 1, 0, 1] ),Support: 1
Class: 4.0 , Rule:(neurons: [65, 91, 62, 4, 25, 97, 71, 48, 21, 40, 1, 51, 92, 33] ,signature: [1, 0, 0, 1, 1, 0, 1, 1, 1, 0, 0, 0, 0, 0] ),Support: 1
Class: 4.0 , Rule:(neurons: [65, 91, 62, 4, 25, 97, 71, 48, 21, 40, 1, 51, 102, 2, 55, 38] ,signature: [1, 0, 0, 1, 1, 0, 1, 1, 1, 0, 0, 1, 0, 0, 1, 1] ),Support: 1
Class: 4.0 , Rule:(neurons: [65, 91, 62, 4, 25, 97, 71, 48, 21, 40, 1, 51, 102, 2] ,signature: [1, 0, 0, 1, 1, 0, 1, 1, 1, 0, 0, 1, 0, 1] ),Support: 1
Class: 4.0 , Rule:(neurons: [65, 91, 62, 4, 25, 97, 71, 48, 21, 40, 1, 51, 102] ,signature: [1, 0, 0, 1, 1, 0, 1, 1, 1, 0, 0, 1, 1] ),Support: 1
Class: 4.0 , Rule:(neurons: [65, 91, 62, 4, 25, 97, 71, 48, 21, 40, 16, 38, 102, 110, 17] ,signature: [1, 0, 0, 1, 1, 0, 1, 1, 1, 1, 0, 1, 0, 0, 1] ),Support: 1
Class: 4.0 , Rule:(neurons: [65, 91, 62, 4, 25, 97, 110, 51, 2, 48, 92, 13, 115, 74] ,signature: [1, 0, 0, 1, 1, 1, 0, 0, 0, 1, 0, 0, 0, 0] ),Support: 1
Class: 4.0 , Rule:(neurons: [65, 91, 62, 4, 25, 97, 110, 51, 2, 48, 92, 13, 40, 81, 74] ,signature: [1, 0, 0, 1, 1, 1, 0, 0, 0, 1, 0, 1, 0, 1, 0] ),Support: 1
Class: 4.0 , Rule:(neurons: [65, 91, 62, 4, 25, 97, 110, 51, 2, 26, 104, 61, 24] ,signature: [1, 0, 0, 1, 1, 1, 0, 0, 1, 0, 0, 1, 0] ),Support: 1
Class: 4.0 , Rule:(neurons: [65, 91, 62, 4, 25, 97, 110, 51, 2, 26, 104, 32, 84, 61, 47, 46] ,signature: [1, 0, 0, 1, 1, 1, 0, 0, 1, 0, 1, 0, 0, 0, 1, 0] ),Support: 1
Class: 4.0 , Rule:(neurons: [65, 91, 62, 4, 25, 97, 110, 51, 2, 26, 89, 1, 67, 29] ,signature: [1, 0, 0, 1, 1, 1, 0, 0, 1, 1, 0, 1, 1, 1] ),Support: 1
Class: 4.0 , Rule:(neurons: [65, 91, 62, 4, 25, 97, 110, 51, 79, 115, 15, 89, 11] ,signature: [1, 0, 0, 1, 1, 1, 0, 1, 0, 1, 0, 1, 1] ),Support: 1
Class: 4.0 , Rule:(neurons: [65, 91, 62, 4, 25, 97, 110, 77, 104, 93, 11, 55, 67, 117, 26] ,signature: [1, 0, 0, 1, 1, 1, 1, 1, 1, 1, 0, 0, 0, 0, 1] ),Support: 1
Class: 4.0 , Rule:(neurons: [65, 91, 62, 25, 1, 94, 63, 45, 2, 32, 13, 47, 73, 114] ,signature: [1, 0, 1, 0, 0, 0, 1, 1, 1, 1, 0, 0, 1, 0] ),Support: 1
Class: 4.0 , Rule:(neurons: [65, 91, 62, 25, 19, 79, 1, 51, 102, 11, 64] ,signature: [1, 0, 1, 1, 0, 0, 0, 0, 0, 1, 1] ),Support: 1
Class: 4.0 , Rule:(neurons: [65, 91, 62, 25, 19, 79, 1, 51, 102, 71, 49, 66, 47] ,signature: [1, 0, 1, 1, 0, 0, 0, 0, 1, 1, 0, 0, 1] ),Support: 1
Class: 4.0 , Rule:(neurons: [65, 91, 62, 25, 19, 79, 1, 51, 88, 55, 73, 2, 45, 94, 34, 29, 42, 40, 81, 7] ,signature: [1, 0, 1, 1, 0, 0, 0, 1, 0, 0, 0, 0, 1, 0, 1, 0, 0, 0, 1, 1] ),Support: 1
Class: 4.0 , Rule:(neurons: [65, 91, 62, 25, 19, 79, 1, 51, 88, 55, 73, 29, 46, 48, 76, 39] ,signature: [1, 0, 1, 1, 0, 0, 0, 1, 0, 0, 1, 0, 0, 0, 0, 0] ),Support: 1
Class: 4.0 , Rule:(neurons: [65, 91, 62, 25, 19, 79, 1, 51, 88, 55, 73, 29, 46, 48, 76, 39, 94, 86, 114, 66, 108] ,signature: [1, 0, 1, 1, 0, 0, 0, 1, 0, 0, 1, 0, 0, 0, 0, 1, 0, 1, 0, 1, 0] ),Support: 1
Class: 4.0 , Rule:(neurons: [65, 91, 62, 25, 19, 79, 1, 51, 88, 55, 73, 29, 46, 48, 76, 39, 94, 71, 36] ,signature: [1, 0, 1, 1, 0, 0, 0, 1, 0, 0, 1, 0, 0, 0, 0, 1, 1, 1, 1] ),Support: 1
Class: 4.0 , Rule:(neurons: [65, 91, 62, 25, 19, 79, 1, 51, 88, 55, 73, 29, 46, 48, 110, 101, 16, 68, 5, 40] ,signature: [1, 0, 1, 1, 0, 0, 0, 1, 0, 0, 1, 0, 0, 1, 0, 0, 0, 1, 0, 0] ),Support: 1
Class: 4.0 , Rule:(neurons: [65, 91, 62, 25, 19, 79, 1, 51, 88, 55, 73, 29, 46, 48, 110, 101, 124, 5, 85, 114, 20] ,signature: [1, 0, 1, 1, 0, 0, 0, 1, 0, 0, 1, 0, 0, 1, 0, 1, 1, 1, 1, 0, 1] ),Support: 1
Class: 4.0 , Rule:(neurons: [65, 91, 62, 25, 19, 79, 1, 51, 88, 55, 73, 29, 46, 48, 110, 0, 74] ,signature: [1, 0, 1, 1, 0, 0, 0, 1, 0, 0, 1, 0, 0, 1, 1, 1, 1] ),Support: 1
Class: 4.0 , Rule:(neurons: [65, 91, 62, 25, 19, 79, 1, 51, 88, 55, 73, 29, 46, 100, 80, 42, 17, 104] ,signature: [1, 0, 1, 1, 0, 0, 0, 1, 0, 0, 1, 0, 1, 1, 1, 1, 0, 0] ),Support: 1
Class: 4.0 , Rule:(neurons: [65, 91, 62, 25, 19, 79, 1, 51, 88, 55, 73, 29, 16, 106, 100, 20] ,signature: [1, 0, 1, 1, 0, 0, 0, 1, 0, 0, 1, 1, 0, 1, 0, 1] ),Support: 1
Class: 4.0 , Rule:(neurons: [65, 91, 62, 25, 19, 79, 1, 51, 88, 55, 73, 29, 16, 106, 100, 76, 86, 123, 34, 13, 124, 83, 114, 117] ,signature: [1, 0, 1, 1, 0, 0, 0, 1, 0, 0, 1, 1, 0, 1, 1, 0, 1, 1, 0, 0, 1, 1, 0, 1] ),Support: 1
Class: 4.0 , Rule:(neurons: [65, 91, 62, 25, 19, 79, 1, 51, 88, 55, 73, 29, 16, 106, 100, 76, 86, 123, 34, 13, 124, 83, 114, 127, 5] ,signature: [1, 0, 1, 1, 0, 0, 0, 1, 0, 0, 1, 1, 0, 1, 1, 0, 1, 1, 0, 0, 1, 1, 1, 0, 0] ),Support: 1
Class: 4.0 , Rule:(neurons: [65, 91, 62, 25, 19, 79, 1, 51, 88, 55, 73, 29, 16, 106, 100, 76, 86, 123, 34, 116, 33, 38, 21] ,signature: [1, 0, 1, 1, 0, 0, 0, 1, 0, 0, 1, 1, 0, 1, 1, 0, 1, 1, 1, 0, 0, 1, 0] ),Support: 1
Class: 4.0 , Rule:(neurons: [65, 91, 62, 25, 19, 79, 1, 51, 88, 55, 73, 29, 16, 106, 100, 76, 86, 123, 34, 116, 4, 84, 36] ,signature: [1, 0, 1, 1, 0, 0, 0, 1, 0, 0, 1, 1, 0, 1, 1, 0, 1, 1, 1, 1, 1, 1, 1] ),Support: 1
Class: 4.0 , Rule:(neurons: [65, 91, 62, 25, 19, 79, 1, 51, 88, 55, 73, 29, 16, 85, 78, 49, 10, 83] ,signature: [1, 0, 1, 1, 0, 0, 0, 1, 0, 0, 1, 1, 1, 1, 0, 0, 0, 1] ),Support: 1
Class: 4.0 , Rule:(neurons: [65, 91, 62, 25, 19, 79, 1, 51, 88, 55, 83, 124, 115, 105, 94, 73, 40] ,signature: [1, 0, 1, 1, 0, 0, 0, 1, 0, 1, 0, 1, 0, 1, 0, 1, 0] ),Support: 1
Class: 4.0 , Rule:(neurons: [65, 91, 62, 25, 19, 79, 1, 51, 88, 55, 83, 82, 85, 39, 80, 76, 110] ,signature: [1, 0, 1, 1, 0, 0, 0, 1, 0, 1, 1, 0, 1, 1, 1, 1, 0] ),Support: 1
Class: 4.0 , Rule:(neurons: [65, 91, 62, 25, 19, 79, 1, 51, 88, 55, 83, 82, 16, 26] ,signature: [1, 0, 1, 1, 0, 0, 0, 1, 0, 1, 1, 1, 0, 0] ),Support: 1
Class: 4.0 , Rule:(neurons: [65, 91, 62, 25, 19, 79, 1, 51, 88, 15, 55, 64, 108, 61, 73, 83] ,signature: [1, 0, 1, 1, 0, 0, 0, 1, 1, 0, 0, 0, 1, 0, 1, 0] ),Support: 1
Class: 4.0 , Rule:(neurons: [65, 91, 62, 25, 19, 79, 1, 51, 88, 15, 55, 64, 108, 61] ,signature: [1, 0, 1, 1, 0, 0, 0, 1, 1, 0, 0, 0, 1, 1] ),Support: 1
Class: 4.0 , Rule:(neurons: [65, 91, 62, 25, 19, 79, 1, 51, 88, 15, 55, 109, 115, 108, 33, 11, 69] ,signature: [1, 0, 1, 1, 0, 0, 0, 1, 1, 0, 1, 1, 0, 1, 1, 0, 1] ),Support: 1
Class: 4.0 , Rule:(neurons: [65, 91, 62, 25, 19, 79, 1, 51, 88, 15, 86, 26, 16, 102] ,signature: [1, 0, 1, 1, 0, 0, 0, 1, 1, 1, 1, 0, 1, 1] ),Support: 1
Class: 4.0 , Rule:(neurons: [65, 91, 62, 25, 19, 79, 1, 51, 88, 15, 86, 26, 98, 22] ,signature: [1, 0, 1, 1, 0, 0, 0, 1, 1, 1, 1, 1, 0, 1] ),Support: 1
Class: 4.0 , Rule:(neurons: [65, 91, 62, 25, 19, 79, 1, 115, 94, 80, 27, 17, 0] ,signature: [1, 0, 1, 1, 0, 0, 1, 0, 0, 1, 0, 1, 1] ),Support: 1
Class: 4.0 , Rule:(neurons: [65, 91, 62, 25, 19, 79, 1, 115, 116, 2, 51, 122, 33, 55, 0, 30, 94, 76, 63] ,signature: [1, 0, 1, 1, 0, 0, 1, 1, 0, 0, 1, 0, 1, 0, 1, 1, 1, 1, 0] ),Support: 1
Class: 4.0 , Rule:(neurons: [65, 91, 62, 25, 19, 79, 1, 115, 116, 2, 51, 122, 33, 55, 49] ,signature: [1, 0, 1, 1, 0, 0, 1, 1, 0, 0, 1, 0, 1, 1, 0] ),Support: 1
Class: 4.0 , Rule:(neurons: [65, 91, 62, 25, 19, 79, 1, 115, 116, 114, 84, 110, 81, 30, 48] ,signature: [1, 0, 1, 1, 0, 0, 1, 1, 1, 1, 0, 0, 1, 0, 1] ),Support: 1
Class: 4.0 , Rule:(neurons: [65, 91, 62, 25, 19, 79, 21, 4, 66, 116, 33, 35, 96] ,signature: [1, 0, 1, 1, 0, 1, 0, 1, 0, 0, 1, 0, 0] ),Support: 1
Class: 4.0 , Rule:(neurons: [65, 91, 62, 25, 19, 79, 21, 4, 66, 116, 35] ,signature: [1, 0, 1, 1, 0, 1, 0, 1, 0, 1, 1] ),Support: 1
Class: 4.0 , Rule:(neurons: [65, 91, 62, 25, 19, 79, 21, 4, 66, 118, 68, 115, 94, 110, 47, 61, 5, 84] ,signature: [1, 0, 1, 1, 0, 1, 0, 1, 1, 1, 1, 1, 0, 0, 1, 0, 0, 1] ),Support: 1
Class: 4.0 , Rule:(neurons: [65, 91, 62, 25, 19, 79, 21, 4, 66, 118, 68, 115, 94, 110, 29, 64] ,signature: [1, 0, 1, 1, 0, 1, 0, 1, 1, 1, 1, 1, 0, 1, 1, 1] ),Support: 1
Class: 4.0 , Rule:(neurons: [65, 91, 62, 25, 19, 79, 21, 127, 102, 67, 33, 121, 34] ,signature: [1, 0, 1, 1, 0, 1, 1, 1, 0, 0, 1, 0, 1] ),Support: 1
Class: 4.0 , Rule:(neurons: [65, 91, 62, 25, 19, 79, 21, 127, 102, 73, 16, 82, 118] ,signature: [1, 0, 1, 1, 0, 1, 1, 1, 1, 1, 0, 0, 0] ),Support: 1
Class: 4.0 , Rule:(neurons: [65, 91, 62, 25, 19, 79, 21, 127, 102, 73, 16, 66] ,signature: [1, 0, 1, 1, 0, 1, 1, 1, 1, 1, 1, 0] ),Support: 1
Class: 4.0 , Rule:(neurons: [65, 91, 62, 25, 19, 73, 7, 4, 83, 55, 74, 11] ,signature: [1, 0, 1, 1, 1, 0, 0, 0, 1, 1, 0, 0] ),Support: 1
Class: 4.0 , Rule:(neurons: [65, 91, 62, 25, 19, 73, 7, 4, 82, 127, 80, 24, 22] ,signature: [1, 0, 1, 1, 1, 0, 0, 1, 0, 1, 0, 0, 0] ),Support: 1
Class: 4.0 , Rule:(neurons: [65, 91, 62, 25, 19, 73, 7, 4, 82, 84, 9, 77, 35, 10] ,signature: [1, 0, 1, 1, 1, 0, 0, 1, 1, 1, 0, 0, 0, 0] ),Support: 1
Class: 4.0 , Rule:(neurons: [65, 91, 62, 25, 19, 73, 7, 1, 79, 51, 28, 21] ,signature: [1, 0, 1, 1, 1, 0, 1, 0, 0, 0, 1, 0] ),Support: 1
Class: 4.0 , Rule:(neurons: [65, 91, 62, 25, 19, 73, 7, 1, 79, 51, 114, 92, 84] ,signature: [1, 0, 1, 1, 1, 0, 1, 0, 0, 1, 0, 1, 1] ),Support: 1
Class: 4.0 , Rule:(neurons: [65, 91, 62, 25, 19, 73, 7, 1, 79, 51, 114, 55, 85, 76, 109, 28] ,signature: [1, 0, 1, 1, 1, 0, 1, 0, 0, 1, 1, 0, 1, 0, 0, 0] ),Support: 1
Class: 4.0 , Rule:(neurons: [65, 91, 62, 25, 19, 73, 7, 1, 79, 51, 114, 55, 85, 76, 109, 74, 22, 0] ,signature: [1, 0, 1, 1, 1, 0, 1, 0, 0, 1, 1, 0, 1, 0, 1, 0, 1, 0] ),Support: 1
Class: 4.0 , Rule:(neurons: [65, 91, 62, 25, 19, 73, 7, 1, 79, 51, 114, 55, 85, 76, 109, 74, 116, 92, 28] ,signature: [1, 0, 1, 1, 1, 0, 1, 0, 0, 1, 1, 0, 1, 0, 1, 1, 1, 1, 0] ),Support: 1
Class: 4.0 , Rule:(neurons: [65, 91, 62, 25, 19, 73, 7, 1, 79, 51, 114, 55, 84, 80, 33, 78] ,signature: [1, 0, 1, 1, 1, 0, 1, 0, 0, 1, 1, 1, 1, 1, 1, 1] ),Support: 1
Class: 4.0 , Rule:(neurons: [65, 91, 62, 25, 19, 73, 7, 1, 24, 76, 78, 99, 84] ,signature: [1, 0, 1, 1, 1, 0, 1, 1, 0, 0, 0, 1, 1] ),Support: 1
Class: 4.0 , Rule:(neurons: [65, 91, 62, 25, 19, 73, 7, 1, 24, 22, 34, 48, 29] ,signature: [1, 0, 1, 1, 1, 0, 1, 1, 1, 0, 1, 0, 1] ),Support: 1
Class: 4.0 , Rule:(neurons: [65, 91, 62, 25, 19, 73, 7, 1, 24, 22, 34, 48, 105, 51] ,signature: [1, 0, 1, 1, 1, 0, 1, 1, 1, 0, 1, 1, 1, 0] ),Support: 1
Class: 4.0 , Rule:(neurons: [65, 91, 62, 25, 19, 73, 7, 1, 24, 22, 54, 93, 69, 5, 20] ,signature: [1, 0, 1, 1, 1, 0, 1, 1, 1, 1, 0, 0, 0, 1, 0] ),Support: 1
Class: 4.0 , Rule:(neurons: [65, 91, 62, 25, 19, 73, 7, 1, 24, 22, 54, 93, 11, 64, 109] ,signature: [1, 0, 1, 1, 1, 0, 1, 1, 1, 1, 0, 1, 0, 0, 0] ),Support: 1
Class: 4.0 , Rule:(neurons: [65, 91, 62, 25, 19, 73, 7, 1, 24, 22, 54, 96, 110, 36, 114] ,signature: [1, 0, 1, 1, 1, 0, 1, 1, 1, 1, 1, 1, 1, 1, 0] ),Support: 1
Class: 4.0 , Rule:(neurons: [65, 91, 62, 25, 19, 73, 4, 102, 99, 61, 80, 26, 15] ,signature: [1, 0, 1, 1, 1, 1, 0, 1, 0, 1, 1, 1, 0] ),Support: 1
Class: 4.0 , Rule:(neurons: [65, 91, 62, 25, 19, 73, 4, 98, 38, 92, 48, 3, 89] ,signature: [1, 0, 1, 1, 1, 1, 1, 0, 0, 0, 0, 0, 0] ),Support: 1
Class: 4.0 , Rule:(neurons: [65, 91, 62, 25, 19, 73, 4, 98, 38, 48, 102, 13, 40, 34, 26] ,signature: [1, 0, 1, 1, 1, 1, 1, 0, 1, 1, 1, 0, 0, 1, 1] ),Support: 1
Class: 4.0 , Rule:(neurons: [65, 91, 62, 25, 19, 73, 4, 98, 106, 5, 101, 76] ,signature: [1, 0, 1, 1, 1, 1, 1, 1, 1, 0, 1, 1] ),Support: 1
Class: 4.0 , Rule:(neurons: [65, 91, 62, 25, 19, 73, 4, 98, 106, 5, 34, 88, 11] ,signature: [1, 0, 1, 1, 1, 1, 1, 1, 1, 1, 0, 1, 1] ),Support: 1
Class: 4.0 , Rule:(neurons: [65, 91, 82, 63, 28, 5, 26, 69, 55, 121, 94, 66, 21] ,signature: [1, 1, 1, 0, 0, 1, 1, 1, 0, 1, 1, 0, 0] ),Support: 1
Class: 4.0 , Rule:(neurons: [65, 91, 82, 63, 28, 61, 62, 17, 22, 48, 26, 19] ,signature: [1, 1, 1, 0, 1, 0, 1, 0, 1, 1, 1, 1] ),Support: 1
Class: 4.0 , Rule:(neurons: [65, 91, 82, 63, 127, 86, 108, 99, 94, 2, 44, 126, 81, 47] ,signature: [1, 1, 1, 1, 0, 1, 1, 0, 1, 0, 0, 0, 1, 0] ),Support: 1
Class: 4.0 , Rule:(neurons: [65, 91, 82, 63, 127, 86, 108, 99, 94, 2, 44, 93, 16, 92, 38, 33, 104, 71] ,signature: [1, 1, 1, 1, 0, 1, 1, 0, 1, 0, 1, 1, 0, 1, 1, 0, 1, 1] ),Support: 1
Class: 4.0 , Rule:(neurons: [65, 91, 82, 63, 127, 25, 1, 14, 79, 61, 35, 73, 113] ,signature: [1, 1, 1, 1, 1, 1, 0, 0, 0, 0, 0, 0, 1] ),Support: 1
Class: 4.0 , Rule:(neurons: [65, 91, 82, 63, 127, 25, 1, 14, 79, 29, 16, 124, 4] ,signature: [1, 1, 1, 1, 1, 1, 0, 0, 1, 0, 0, 0, 1] ),Support: 1
Class: 4.0 , Rule:(neurons: [65, 91, 82, 63, 127, 25, 1, 14, 79, 29, 122, 110] ,signature: [1, 1, 1, 1, 1, 1, 0, 0, 1, 1, 0, 0] ),Support: 1
Class: 14.0 , Rule:(neurons: [65, 91, 62, 4, 25, 97, 71, 48, 21, 44, 49, 115, 38, 9, 59, 2, 51, 75, 7, 124, 20] ,signature: [1, 0, 0, 1, 1, 0, 1, 1, 0, 1, 0, 1, 1, 0, 0, 0, 1, 0, 1, 1, 1] ),Support: 3
Class: 14.0 , Rule:(neurons: [65, 22, 28, 17, 14, 48, 113, 77, 79, 122, 43, 31, 81] ,signature: [0, 0, 0, 1, 0, 0, 0, 0, 0, 1, 1, 0, 0] ),Support: 2
Class: 14.0 , Rule:(neurons: [65, 22, 28, 17, 14, 48, 113, 77, 79, 68, 20, 5, 1, 85, 83, 3, 26, 114, 27] ,signature: [0, 0, 0, 1, 0, 0, 0, 0, 1, 0, 1, 0, 0, 1, 0, 1, 1, 0, 0] ),Support: 2
Class: 14.0 , Rule:(neurons: [65, 22, 28, 17, 14, 48, 45, 113, 62, 79, 0, 100, 110, 109, 33, 88] ,signature: [0, 0, 0, 1, 0, 1, 0, 1, 0, 1, 1, 1, 1, 0, 0, 0] ),Support: 2
Class: 14.0 , Rule:(neurons: [65, 22, 61, 92, 47, 64, 84, 15, 57, 96, 5, 44, 94, 4, 114, 109] ,signature: [0, 1, 1, 1, 0, 1, 0, 1, 1, 1, 0, 1, 0, 0, 0, 1] ),Support: 2
Class: 14.0 , Rule:(neurons: [65, 91, 62, 4, 25, 97, 71, 48, 19, 89, 43, 86, 27, 106, 118, 126] ,signature: [1, 0, 0, 1, 1, 0, 1, 0, 0, 1, 1, 0, 0, 1, 0, 1] ),Support: 2
Class: 14.0 , Rule:(neurons: [65, 91, 62, 4, 25, 97, 71, 48, 21, 44, 49, 115, 2, 7, 27, 46, 28, 51] ,signature: [1, 0, 0, 1, 1, 0, 1, 1, 0, 1, 0, 0, 0, 0, 0, 0, 1, 1] ),Support: 2
Class: 14.0 , Rule:(neurons: [65, 91, 62, 4, 25, 97, 71, 48, 21, 44, 49, 82, 121, 5, 109, 89] ,signature: [1, 0, 0, 1, 1, 0, 1, 1, 0, 1, 1, 1, 0, 1, 1, 1] ),Support: 2
Class: 14.0 , Rule:(neurons: [65, 91, 62, 4, 25, 97, 71, 48, 21, 44, 49, 82, 121, 106, 51, 118, 24, 93] ,signature: [1, 0, 0, 1, 1, 0, 1, 1, 0, 1, 1, 1, 1, 1, 1, 0, 1, 0] ),Support: 2
Class: 14.0 , Rule:(neurons: [65, 91, 62, 25, 19, 79, 1, 51, 88, 55, 83, 82, 16, 26, 8, 110, 92, 84] ,signature: [1, 0, 1, 1, 0, 0, 0, 1, 0, 1, 1, 1, 0, 1, 1, 1, 0, 0] ),Support: 2
Class: 14.0 , Rule:(neurons: [65, 91, 62, 25, 19, 73, 7, 4, 82, 127, 84] ,signature: [1, 0, 1, 1, 1, 0, 0, 1, 0, 0, 1] ),Support: 2
Class: 14.0 , Rule:(neurons: [65, 22, 28, 17, 96, 62, 45, 0, 29, 124, 25, 99, 83] ,signature: [0, 0, 0, 0, 0, 0, 1, 1, 1, 0, 1, 1, 1] ),Support: 1
Class: 14.0 , Rule:(neurons: [65, 22, 28, 17, 96, 118, 0, 82, 77, 62, 57, 124, 88, 92, 16, 114, 79] ,signature: [0, 0, 0, 0, 1, 0, 0, 1, 1, 0, 1, 0, 1, 1, 1, 0, 0] ),Support: 1
Class: 14.0 , Rule:(neurons: [65, 22, 28, 17, 14, 48, 113, 77, 79, 122, 102, 25, 80, 39, 57] ,signature: [0, 0, 0, 1, 0, 0, 0, 0, 0, 0, 1, 1, 0, 1, 0] ),Support: 1
Class: 14.0 , Rule:(neurons: [65, 22, 28, 17, 14, 48, 113, 77, 79, 68, 20, 5, 1, 85, 83, 3, 26, 66, 11, 51, 116] ,signature: [0, 0, 0, 1, 0, 0, 0, 0, 1, 0, 1, 0, 0, 1, 0, 1, 0, 1, 1, 1, 1] ),Support: 1
Class: 14.0 , Rule:(neurons: [65, 22, 28, 17, 14, 48, 113, 77, 27, 104, 0, 119, 83, 38] ,signature: [0, 0, 0, 1, 0, 0, 0, 1, 1, 0, 0, 1, 0, 1] ),Support: 1
Class: 14.0 , Rule:(neurons: [65, 22, 28, 17, 14, 48, 113, 77, 27, 104, 124, 116, 102, 44, 62, 57] ,signature: [0, 0, 0, 1, 0, 0, 0, 1, 1, 1, 0, 1, 1, 1, 0, 0] ),Support: 1
Class: 14.0 , Rule:(neurons: [65, 22, 28, 17, 14, 48, 113, 19, 76, 52, 122, 79, 57, 104, 124, 47, 82] ,signature: [0, 0, 0, 1, 0, 0, 1, 0, 1, 0, 0, 0, 1, 1, 0, 0, 0] ),Support: 1
Class: 14.0 , Rule:(neurons: [65, 22, 28, 17, 14, 48, 113, 19, 105, 62, 44, 66, 116, 47, 52, 79] ,signature: [0, 0, 0, 1, 0, 0, 1, 1, 0, 0, 0, 0, 1, 0, 0, 1] ),Support: 1
Class: 14.0 , Rule:(neurons: [65, 22, 28, 17, 14, 48, 113, 19, 105, 62, 44, 66, 91, 80, 42, 110, 75, 119, 38, 2, 35, 7, 47] ,signature: [0, 0, 0, 1, 0, 0, 1, 1, 0, 0, 0, 1, 0, 1, 1, 0, 1, 1, 0, 1, 0, 0, 1] ),Support: 1
Class: 14.0 , Rule:(neurons: [65, 22, 28, 17, 14, 48, 113, 19, 105, 62, 127, 5, 78, 38] ,signature: [0, 0, 0, 1, 0, 0, 1, 1, 0, 1, 0, 0, 1, 1] ),Support: 1
Class: 14.0 , Rule:(neurons: [65, 22, 28, 17, 14, 48, 113, 19, 105, 62, 127, 9, 35, 3, 92, 89, 108] ,signature: [0, 0, 0, 1, 0, 0, 1, 1, 0, 1, 1, 0, 1, 1, 1, 1, 0] ),Support: 1
Class: 14.0 , Rule:(neurons: [65, 22, 28, 17, 14, 48, 45, 113, 62, 79, 0, 100, 110, 93, 106, 94, 52, 31, 9, 64] ,signature: [0, 0, 0, 1, 0, 1, 0, 1, 0, 1, 1, 1, 0, 1, 0, 0, 0, 0, 0, 0] ),Support: 1
Class: 14.0 , Rule:(neurons: [65, 22, 28, 17, 14, 48, 45, 113, 62, 79, 0, 100, 110, 93, 106, 94, 52, 39, 116] ,signature: [0, 0, 0, 1, 0, 1, 0, 1, 0, 1, 1, 1, 0, 1, 0, 0, 1, 1, 1] ),Support: 1
Class: 14.0 , Rule:(neurons: [65, 22, 28, 17, 14, 48, 45, 113, 62, 61, 4, 33] ,signature: [0, 0, 0, 1, 0, 1, 0, 1, 1, 0, 0, 0] ),Support: 1
Class: 14.0 , Rule:(neurons: [65, 22, 28, 17, 14, 48, 45, 4, 61, 84, 127, 27, 96, 1] ,signature: [0, 0, 0, 1, 0, 1, 1, 0, 0, 0, 1, 1, 0, 1] ),Support: 1
Class: 14.0 , Rule:(neurons: [65, 22, 28, 17, 14, 29, 10, 106, 5, 115, 108, 118, 19] ,signature: [0, 0, 0, 1, 1, 1, 0, 0, 1, 1, 0, 1, 1] ),Support: 1
Class: 14.0 , Rule:(neurons: [65, 22, 28, 19, 62, 17, 66, 80, 38, 51, 2, 11, 64, 116] ,signature: [0, 0, 1, 1, 0, 1, 1, 1, 0, 0, 0, 1, 1, 1] ),Support: 1
Class: 14.0 , Rule:(neurons: [65, 22, 28, 19, 62, 17, 66, 80, 38, 51, 2, 77, 52, 43, 63, 14, 113, 73, 11, 92, 96, 4, 110] ,signature: [0, 0, 1, 1, 0, 1, 1, 1, 0, 0, 1, 0, 0, 1, 1, 0, 1, 0, 1, 1, 0, 1, 1] ),Support: 1
Class: 14.0 , Rule:(neurons: [65, 22, 28, 19, 62, 17, 66, 80, 38, 51, 2, 77, 52, 0, 82, 11, 73, 32, 76, 109, 54] ,signature: [0, 0, 1, 1, 0, 1, 1, 1, 0, 0, 1, 0, 1, 1, 1, 1, 0, 1, 1, 0, 1] ),Support: 1
Class: 14.0 , Rule:(neurons: [65, 22, 28, 19, 62, 17, 66, 80, 38, 106, 42, 31, 39] ,signature: [0, 0, 1, 1, 0, 1, 1, 1, 1, 0, 1, 1, 0] ),Support: 1
Class: 14.0 , Rule:(neurons: [65, 22, 61, 26, 67, 68, 91, 94, 63, 13, 110, 121, 1, 97] ,signature: [0, 1, 0, 0, 0, 1, 0, 1, 1, 1, 1, 1, 1, 1] ),Support: 1
Class: 14.0 , Rule:(neurons: [65, 22, 61, 92, 10, 47, 44, 104, 106, 78] ,signature: [0, 1, 1, 0, 1, 0, 1, 0, 0, 0] ),Support: 1
Class: 14.0 , Rule:(neurons: [65, 22, 61, 92, 10, 47, 44, 104, 106, 43, 4, 29] ,signature: [0, 1, 1, 0, 1, 0, 1, 0, 1, 1, 0, 1] ),Support: 1
Class: 14.0 , Rule:(neurons: [65, 22, 61, 92, 47, 64, 84, 15, 57, 96, 5, 44, 89, 118, 38, 17, 101, 54, 98] ,signature: [0, 1, 1, 1, 0, 1, 0, 1, 1, 1, 0, 0, 1, 0, 0, 0, 1, 1, 0] ),Support: 1
Class: 14.0 , Rule:(neurons: [65, 22, 61, 92, 47, 64, 84, 15, 57, 96, 5, 44, 94, 76, 43, 122, 71, 42, 4] ,signature: [0, 1, 1, 1, 0, 1, 0, 1, 1, 1, 0, 1, 1, 0, 1, 1, 1, 0, 1] ),Support: 1
Class: 14.0 , Rule:(neurons: [65, 91, 62, 4, 106, 1, 16, 104, 55, 76, 97, 25, 71] ,signature: [1, 0, 0, 0, 1, 1, 0, 1, 0, 0, 0, 0, 0] ),Support: 1
Class: 14.0 , Rule:(neurons: [65, 91, 62, 4, 106, 1, 16, 104, 55, 76, 97, 84, 32] ,signature: [1, 0, 0, 0, 1, 1, 0, 1, 0, 0, 1, 1, 1] ),Support: 1
Class: 14.0 , Rule:(neurons: [65, 91, 62, 4, 106, 1, 16, 85, 84, 47, 79, 88] ,signature: [1, 0, 0, 0, 1, 1, 1, 0, 0, 1, 1, 0] ),Support: 1
Class: 14.0 , Rule:(neurons: [65, 91, 62, 4, 25, 29, 36, 1, 121, 94, 80, 118, 35] ,signature: [1, 0, 0, 1, 0, 0, 0, 0, 0, 0, 1, 1, 0] ),Support: 1
Class: 14.0 , Rule:(neurons: [65, 91, 62, 4, 25, 97, 71, 48, 21, 44, 49, 115, 38, 80, 55, 29, 42, 94, 74] ,signature: [1, 0, 0, 1, 1, 0, 1, 1, 0, 1, 0, 1, 0, 0, 0, 1, 1, 0, 0] ),Support: 1
Class: 14.0 , Rule:(neurons: [65, 91, 62, 4, 25, 97, 71, 48, 21, 44, 49, 115, 38, 9, 59, 2, 51, 75, 7, 27, 99] ,signature: [1, 0, 0, 1, 1, 0, 1, 1, 0, 1, 0, 1, 1, 0, 0, 0, 1, 0, 0, 1, 1] ),Support: 1
Class: 14.0 , Rule:(neurons: [65, 91, 62, 4, 25, 97, 71, 48, 21, 44, 49, 82, 118, 36, 127] ,signature: [1, 0, 0, 1, 1, 0, 1, 1, 0, 1, 1, 0, 0, 1, 0] ),Support: 1
Class: 14.0 , Rule:(neurons: [65, 91, 62, 4, 25, 97, 71, 48, 21, 44, 49, 82, 121, 106, 51, 32, 10, 2] ,signature: [1, 0, 0, 1, 1, 0, 1, 1, 0, 1, 1, 1, 1, 1, 0, 0, 0, 1] ),Support: 1
Class: 14.0 , Rule:(neurons: [65, 91, 62, 4, 25, 97, 71, 48, 21, 44, 49, 82, 121, 106, 51, 118, 24, 93, 54, 116, 61, 29] ,signature: [1, 0, 0, 1, 1, 0, 1, 1, 0, 1, 1, 1, 1, 1, 1, 0, 1, 1, 1, 0, 1, 0] ),Support: 1
Class: 14.0 , Rule:(neurons: [65, 91, 62, 4, 25, 97, 71, 48, 21, 44, 49, 82, 121, 106, 51, 118, 24, 93, 54, 116] ,signature: [1, 0, 0, 1, 1, 0, 1, 1, 0, 1, 1, 1, 1, 1, 1, 0, 1, 1, 1, 1] ),Support: 1
Class: 14.0 , Rule:(neurons: [65, 91, 62, 4, 25, 97, 71, 48, 21, 44, 49, 82, 121, 106, 51, 118, 81, 69, 16, 101] ,signature: [1, 0, 0, 1, 1, 0, 1, 1, 0, 1, 1, 1, 1, 1, 1, 1, 1, 1, 0, 0] ),Support: 1
Class: 14.0 , Rule:(neurons: [65, 91, 62, 4, 25, 97, 71, 48, 21, 40, 16, 94, 49, 28, 38, 1] ,signature: [1, 0, 0, 1, 1, 0, 1, 1, 1, 1, 1, 0, 1, 1, 0, 1] ),Support: 1
Class: 14.0 , Rule:(neurons: [65, 91, 62, 4, 25, 97, 110, 51, 2, 26, 89, 32] ,signature: [1, 0, 0, 1, 1, 1, 0, 0, 1, 1, 1, 0] ),Support: 1
Class: 14.0 , Rule:(neurons: [65, 91, 62, 25, 1, 94, 63, 45, 78, 28, 84, 44] ,signature: [1, 0, 1, 0, 0, 0, 1, 0, 0, 1, 1, 1] ),Support: 1
Class: 14.0 , Rule:(neurons: [65, 91, 62, 25, 1, 94, 104, 15, 124, 83, 48, 2, 113, 14, 46, 80] ,signature: [1, 0, 1, 0, 0, 1, 0, 0, 1, 0, 0, 0, 1, 0, 0, 0] ),Support: 1
Class: 14.0 , Rule:(neurons: [65, 91, 62, 25, 1, 94, 2, 78, 7, 13, 27] ,signature: [1, 0, 1, 0, 1, 0, 0, 0, 1, 0, 0] ),Support: 1
Class: 14.0 , Rule:(neurons: [65, 91, 62, 25, 19, 79, 1, 51, 102, 71, 49, 30, 61] ,signature: [1, 0, 1, 1, 0, 0, 0, 0, 1, 1, 1, 1, 1] ),Support: 1
Class: 14.0 , Rule:(neurons: [65, 91, 62, 25, 19, 79, 1, 51, 88, 55, 73, 2, 45, 94, 34, 64, 83, 82, 3, 21, 47, 75] ,signature: [1, 0, 1, 1, 0, 0, 0, 1, 0, 0, 0, 0, 1, 0, 0, 0, 0, 0, 0, 0, 0, 0] ),Support: 1
Class: 14.0 , Rule:(neurons: [65, 91, 62, 25, 19, 79, 1, 51, 88, 55, 73, 2, 45, 94, 34, 64, 83, 82, 3, 21, 22] ,signature: [1, 0, 1, 1, 0, 0, 0, 1, 0, 0, 0, 0, 1, 0, 0, 0, 0, 0, 0, 1, 0] ),Support: 1
Class: 14.0 , Rule:(neurons: [65, 91, 62, 25, 19, 79, 1, 51, 88, 55, 73, 2, 45, 94, 34, 64, 83, 42, 3, 7, 84] ,signature: [1, 0, 1, 1, 0, 0, 0, 1, 0, 0, 0, 0, 1, 0, 0, 0, 1, 0, 1, 0, 1] ),Support: 1
Class: 14.0 , Rule:(neurons: [65, 91, 62, 25, 19, 79, 1, 51, 88, 55, 73, 2, 45, 94, 34, 64, 83, 42, 30] ,signature: [1, 0, 1, 1, 0, 0, 0, 1, 0, 0, 0, 0, 1, 0, 0, 0, 1, 1, 0] ),Support: 1
Class: 14.0 , Rule:(neurons: [65, 91, 62, 25, 19, 79, 1, 51, 88, 55, 73, 2, 45, 94, 34, 29, 42, 84, 85] ,signature: [1, 0, 1, 1, 0, 0, 0, 1, 0, 0, 0, 0, 1, 0, 1, 0, 1, 1, 0] ),Support: 1
Class: 14.0 , Rule:(neurons: [65, 91, 62, 25, 19, 79, 1, 51, 88, 55, 73, 2, 45, 94, 34, 29, 33, 5, 16, 80, 36] ,signature: [1, 0, 1, 1, 0, 0, 0, 1, 0, 0, 0, 0, 1, 0, 1, 1, 1, 1, 0, 0, 1] ),Support: 1
Class: 14.0 , Rule:(neurons: [65, 91, 62, 25, 19, 79, 1, 51, 88, 55, 73, 29, 46, 48, 76, 39, 94, 71, 36, 15, 28] ,signature: [1, 0, 1, 1, 0, 0, 0, 1, 0, 0, 1, 0, 0, 0, 0, 1, 1, 1, 0, 1, 0] ),Support: 1
Class: 14.0 , Rule:(neurons: [65, 91, 62, 25, 19, 79, 1, 51, 88, 55, 73, 29, 46, 48, 110, 101, 16, 68, 5, 40] ,signature: [1, 0, 1, 1, 0, 0, 0, 1, 0, 0, 1, 0, 0, 1, 0, 0, 0, 1, 0, 1] ),Support: 1
Class: 14.0 , Rule:(neurons: [65, 91, 62, 25, 19, 79, 1, 51, 88, 55, 73, 29, 46, 48, 110, 101, 124, 5, 78, 30] ,signature: [1, 0, 1, 1, 0, 0, 0, 1, 0, 0, 1, 0, 0, 1, 0, 1, 1, 0, 0, 1] ),Support: 1
Class: 14.0 , Rule:(neurons: [65, 91, 62, 25, 19, 79, 1, 51, 88, 55, 73, 29, 46, 48, 110, 0, 35, 49] ,signature: [1, 0, 1, 1, 0, 0, 0, 1, 0, 0, 1, 0, 0, 1, 1, 0, 1, 1] ),Support: 1
Class: 14.0 , Rule:(neurons: [65, 91, 62, 25, 19, 79, 1, 51, 88, 55, 73, 29, 16, 85, 78, 49] ,signature: [1, 0, 1, 1, 0, 0, 0, 1, 0, 0, 1, 1, 1, 1, 0, 1] ),Support: 1
Class: 14.0 , Rule:(neurons: [65, 91, 62, 25, 19, 79, 1, 51, 88, 55, 83, 124, 115, 105] ,signature: [1, 0, 1, 1, 0, 0, 0, 1, 0, 1, 0, 1, 0, 0] ),Support: 1
Class: 14.0 , Rule:(neurons: [65, 91, 62, 25, 19, 79, 1, 51, 88, 55, 83, 124, 115, 109, 69, 13] ,signature: [1, 0, 1, 1, 0, 0, 0, 1, 0, 1, 0, 1, 1, 1, 0, 0] ),Support: 1
Class: 14.0 , Rule:(neurons: [65, 91, 62, 25, 19, 79, 1, 51, 88, 55, 83, 82, 85, 102, 99] ,signature: [1, 0, 1, 1, 0, 0, 0, 1, 0, 1, 1, 0, 0, 1, 1] ),Support: 1
Class: 14.0 , Rule:(neurons: [65, 91, 62, 25, 19, 79, 1, 115, 116, 2, 51, 29, 38, 61] ,signature: [1, 0, 1, 1, 0, 0, 1, 1, 0, 0, 0, 0, 1, 1] ),Support: 1
Class: 14.0 , Rule:(neurons: [65, 91, 62, 25, 19, 79, 1, 115, 116, 2, 51, 122, 33] ,signature: [1, 0, 1, 1, 0, 0, 1, 1, 0, 0, 1, 0, 0] ),Support: 1
Class: 14.0 , Rule:(neurons: [65, 91, 62, 25, 19, 79, 1, 115, 116, 2, 51, 122, 33, 55, 0, 126, 38, 104] ,signature: [1, 0, 1, 1, 0, 0, 1, 1, 0, 0, 1, 0, 1, 0, 0, 1, 0, 0] ),Support: 1
Class: 14.0 , Rule:(neurons: [65, 91, 62, 25, 19, 79, 1, 115, 116, 2, 51, 122, 33, 55, 49, 27] ,signature: [1, 0, 1, 1, 0, 0, 1, 1, 0, 0, 1, 0, 1, 1, 1, 0] ),Support: 1
Class: 14.0 , Rule:(neurons: [65, 91, 62, 25, 19, 79, 1, 115, 116, 114, 84, 110, 81, 127] ,signature: [1, 0, 1, 1, 0, 0, 1, 1, 1, 1, 0, 0, 0, 1] ),Support: 1
Class: 14.0 , Rule:(neurons: [65, 91, 62, 25, 19, 79, 21, 4, 66, 116, 33, 35, 7, 15, 24] ,signature: [1, 0, 1, 1, 0, 1, 0, 1, 0, 0, 1, 1, 1, 1, 1] ),Support: 1
Class: 14.0 , Rule:(neurons: [65, 91, 62, 25, 19, 79, 21, 4, 66, 118, 68, 115, 94, 110, 47, 61, 5, 84] ,signature: [1, 0, 1, 1, 0, 1, 0, 1, 1, 1, 1, 1, 0, 0, 1, 0, 0, 0] ),Support: 1
Class: 14.0 , Rule:(neurons: [65, 91, 62, 25, 19, 79, 21, 4, 66, 118, 68, 115, 94, 35, 102, 67] ,signature: [1, 0, 1, 1, 0, 1, 0, 1, 1, 1, 1, 1, 1, 1, 0, 0] ),Support: 1
Class: 14.0 , Rule:(neurons: [65, 91, 62, 25, 19, 79, 21, 127, 102, 67, 33, 16] ,signature: [1, 0, 1, 1, 0, 1, 1, 1, 0, 0, 0, 0] ),Support: 1
Class: 14.0 , Rule:(neurons: [65, 91, 62, 25, 19, 79, 21, 127, 102, 67, 33, 121, 35, 2, 83, 29, 36, 16, 101, 27] ,signature: [1, 0, 1, 1, 0, 1, 1, 1, 0, 0, 1, 1, 1, 0, 1, 0, 0, 1, 0, 1] ),Support: 1
Class: 14.0 , Rule:(neurons: [65, 91, 62, 25, 19, 73, 7, 4, 82, 127, 80, 24, 22] ,signature: [1, 0, 1, 1, 1, 0, 0, 1, 0, 1, 0, 0, 1] ),Support: 1
Class: 14.0 , Rule:(neurons: [65, 91, 62, 25, 19, 73, 7, 4, 82, 84, 116, 46, 1, 42, 34, 61, 10] ,signature: [1, 0, 1, 1, 1, 0, 0, 1, 1, 0, 0, 0, 0, 0, 1, 1, 1] ),Support: 1
Class: 14.0 , Rule:(neurons: [65, 91, 62, 25, 19, 73, 7, 4, 82, 84, 9, 77, 35, 54, 99, 49, 51] ,signature: [1, 0, 1, 1, 1, 0, 0, 1, 1, 1, 0, 0, 1, 1, 1, 1, 1] ),Support: 1
Class: 14.0 , Rule:(neurons: [65, 91, 62, 25, 19, 73, 7, 1, 24, 76, 78, 55, 54] ,signature: [1, 0, 1, 1, 1, 0, 1, 1, 0, 0, 1, 1, 1] ),Support: 1
Class: 14.0 , Rule:(neurons: [65, 91, 62, 25, 19, 73, 7, 1, 24, 22, 54, 93, 69, 5, 20] ,signature: [1, 0, 1, 1, 1, 0, 1, 1, 1, 1, 0, 0, 0, 1, 1] ),Support: 1
Class: 14.0 , Rule:(neurons: [65, 91, 62, 25, 19, 73, 4, 102, 99, 61, 80, 78] ,signature: [1, 0, 1, 1, 1, 1, 0, 1, 0, 1, 0, 1] ),Support: 1
Class: 14.0 , Rule:(neurons: [65, 91, 62, 25, 19, 73, 4, 98, 38, 48, 102, 13, 40, 34, 26] ,signature: [1, 0, 1, 1, 1, 1, 1, 0, 1, 1, 1, 0, 0, 1, 0] ),Support: 1
Class: 14.0 , Rule:(neurons: [65, 91, 82, 84, 71, 55, 17, 16, 51, 10, 25, 108, 104, 2, 33, 7, 101] ,signature: [1, 1, 0, 0, 0, 0, 0, 0, 1, 1, 0, 1, 1, 0, 0, 0, 1] ),Support: 1
Class: 14.0 , Rule:(neurons: [65, 91, 82, 63, 127, 86, 108, 99, 94, 14, 26, 97, 124, 77, 4, 61, 68] ,signature: [1, 1, 1, 1, 0, 1, 1, 0, 0, 0, 1, 0, 1, 0, 0, 0, 0] ),Support: 1