100%|¦¦¦¦¦¦¦¦¦¦| 5754/5754 [00:00<00:00, 659976.62it/s]Obtained all paths
PRINTING PURE RULES WITH SUPPORT MORE THAN 100 FOR EVERY LABEL:
Class: 17.0 , Rule:(neurons: [65, 91, 62, 4, 25, 97, 110, 51, 2, 26, 104, 61, 24] ,signature: [1, 0, 0, 1, 1, 1, 0, 0, 1, 0, 0, 1, 1] ),Support: 6
Class: 17.0 , Rule:(neurons: [65, 22, 61, 92, 47, 108, 8, 28, 55, 100, 114] ,signature: [0, 1, 1, 1, 1, 1, 0, 1, 0, 0, 1] ),Support: 4
Class: 17.0 , Rule:(neurons: [65, 91, 62, 4, 25, 97, 110, 51, 2, 26, 104, 32, 117, 127, 122] ,signature: [1, 0, 0, 1, 1, 1, 0, 0, 1, 0, 1, 1, 1, 0, 1] ),Support: 4
Class: 17.0 , Rule:(neurons: [65, 91, 82, 84, 71, 55, 17, 16, 51, 10, 25, 94, 5, 80] ,signature: [1, 1, 0, 0, 0, 0, 0, 0, 1, 1, 1, 0, 1, 1] ),Support: 4
Class: 17.0 , Rule:(neurons: [65, 91, 62, 4, 106, 1, 16, 85, 82, 97] ,signature: [1, 0, 0, 0, 1, 1, 1, 1, 0, 0] ),Support: 3
Class: 17.0 , Rule:(neurons: [65, 91, 62, 4, 25, 97, 110, 51, 2, 48, 92, 13, 40, 81] ,signature: [1, 0, 0, 1, 1, 1, 0, 0, 0, 1, 0, 1, 0, 0] ),Support: 3
Class: 17.0 , Rule:(neurons: [65, 91, 62, 25, 1, 94, 2, 78, 7, 13] ,signature: [1, 0, 1, 0, 1, 0, 0, 0, 1, 1] ),Support: 3
Class: 17.0 , Rule:(neurons: [65, 91, 62, 25, 19, 79, 1, 115, 94, 80, 24] ,signature: [1, 0, 1, 1, 0, 0, 1, 0, 0, 0, 1] ),Support: 3
Class: 17.0 , Rule:(neurons: [65, 91, 82, 84, 71, 55, 17, 16, 51, 10, 104, 36, 113, 114, 57] ,signature: [1, 1, 0, 0, 0, 0, 0, 0, 1, 0, 1, 1, 1, 1, 1] ),Support: 3

Class: 17.0 , Rule:(neurons: [65, 91, 82, 63, 127, 86, 108, 99, 94, 14, 26, 73, 48, 29, 0, 80] ,signature: [1, 1, 1, 1, 0, 1, 1, 0, 0, 0, 0, 0, 0, 1, 1, 1] ),Support: 3
Class: 17.0 , Rule:(neurons: [65, 91, 82, 63, 127, 25, 1, 97, 11] ,signature: [1, 1, 1, 1, 1, 1, 1, 1, 1] ),Support: 3
Class: 17.0 , Rule:(neurons: [65, 22, 28, 17, 96, 118, 0, 82, 91, 45, 69, 40, 77] ,signature: [0, 0, 0, 0, 1, 0, 0, 0, 1, 0, 0, 0, 1] ),Support: 2
Class: 17.0 , Rule:(neurons: [65, 22, 28, 17, 14, 29, 10, 106, 91, 62, 48, 32, 97, 68, 92, 126, 113] ,signature: [0, 0, 0, 1, 1, 1, 0, 1, 1, 1, 0, 1, 0, 0, 1, 0, 0] ),Support: 2
Class: 17.0 , Rule:(neurons: [65, 22, 61, 92, 47, 108, 8, 28, 73, 3, 76, 55] ,signature: [0, 1, 1, 1, 1, 1, 0, 0, 1, 0, 1, 0] ),Support: 2
Class: 17.0 , Rule:(neurons: [65, 91, 62, 4, 106, 1, 49, 79, 52, 66, 5, 57, 59, 9, 22] ,signature: [1, 0, 0, 0, 1, 0, 0, 1, 1, 1, 1, 1, 0, 1, 1] ),Support: 2
Class: 17.0 , Rule:(neurons: [65, 91, 62, 4, 106, 1, 16, 104, 54, 36, 115, 109] ,signature: [1, 0, 0, 0, 1, 1, 0, 0, 0, 1, 1, 0] ),Support: 2
Class: 17.0 , Rule:(neurons: [65, 91, 62, 4, 106, 1, 16, 85, 82, 97, 86, 77, 9] ,signature: [1, 0, 0, 0, 1, 1, 1, 1, 1, 1, 1, 1, 1] ),Support: 2
Class: 17.0 , Rule:(neurons: [65, 91, 62, 4, 25, 97, 71, 48, 21, 44, 49, 82, 118, 36, 75] ,signature: [1, 0, 0, 1, 1, 0, 1, 1, 0, 1, 1, 0, 0, 0, 1] ),Support: 2
Class: 17.0 , Rule:(neurons: [65, 91, 62, 4, 25, 97, 110, 77, 67, 54] ,signature: [1, 0, 0, 1, 1, 1, 1, 0, 1, 0] ),Support: 2
Class: 17.0 , Rule:(neurons: [65, 91, 62, 25, 1, 94, 104, 15, 16, 47, 40, 61, 64] ,signature: [1, 0, 1, 0, 0, 1, 0, 1, 0, 0, 1, 1, 1] ),Support: 2
Class: 17.0 , Rule:(neurons: [65, 91, 62, 25, 1, 94, 104, 108, 24, 35] ,signature: [1, 0, 1, 0, 0, 1, 1, 0, 0, 0] ),Support: 2
Class: 17.0 , Rule:(neurons: [65, 91, 62, 25, 1, 94, 104, 108, 97, 102, 42, 89] ,signature: [1, 0, 1, 0, 0, 1, 1, 1, 1, 0, 1, 1] ),Support: 2
Class: 17.0 , Rule:(neurons: [65, 91, 62, 25, 1, 94, 97, 36, 26, 4, 45, 52, 10] ,signature: [1, 0, 1, 0, 1, 1, 1, 1, 0, 0, 1, 0, 0] ),Support: 2
Class: 17.0 , Rule:(neurons: [65, 91, 62, 25, 1, 94, 97, 36, 26, 49, 30] ,signature: [1, 0, 1, 0, 1, 1, 1, 1, 1, 0, 1] ),Support: 2
Class: 17.0 , Rule:(neurons: [65, 91, 62, 25, 19, 79, 1, 51, 88, 55, 73, 2, 45, 94, 64, 49, 35, 27] ,signature: [1, 0, 1, 1, 0, 0, 0, 1, 0, 0, 0, 0, 1, 1, 0, 0, 0, 1] ),Support: 2
Class: 17.0 , Rule:(neurons: [65, 91, 62, 25, 19, 79, 1, 51, 88, 55, 73, 29, 16, 106, 100, 76, 86, 123, 34, 116, 4, 113] ,signature: [1, 0, 1, 1, 0, 0, 0, 1, 0, 0, 1, 1, 0, 1, 1, 0, 1, 1, 1, 1, 0, 0] ),Support: 2
Class: 17.0 , Rule:(neurons: [65, 91, 62, 25, 19, 79, 1, 115, 94, 80, 27, 17, 4] ,signature: [1, 0, 1, 1, 0, 0, 1, 0, 0, 1, 0, 0, 1] ),Support: 2
Class: 17.0 , Rule:(neurons: [65, 91, 62, 25, 19, 79, 1, 115, 94, 26, 127, 96] ,signature: [1, 0, 1, 1, 0, 0, 1, 0, 1, 1, 1, 0] ),Support: 2
Class: 17.0 , Rule:(neurons: [65, 91, 62, 25, 19, 79, 1, 115, 116, 114, 84, 110, 85, 29, 34] ,signature: [1, 0, 1, 1, 0, 0, 1, 1, 1, 1, 0, 1, 0, 1, 1] ),Support: 2
Class: 17.0 , Rule:(neurons: [65, 91, 62, 25, 19, 79, 1, 115, 116, 114, 84, 110, 85, 46] ,signature: [1, 0, 1, 1, 0, 0, 1, 1, 1, 1, 0, 1, 1, 1] ),Support: 2
Class: 17.0 , Rule:(neurons: [65, 91, 62, 25, 19, 73, 7, 4, 82, 127, 84, 61] ,signature: [1, 0, 1, 1, 1, 0, 0, 1, 0, 0, 0, 0] ),Support: 2
Class: 17.0 , Rule:(neurons: [65, 91, 62, 25, 19, 73, 7, 1, 24, 76, 78, 99, 71] ,signature: [1, 0, 1, 1, 1, 0, 1, 1, 0, 0, 0, 0, 1] ),Support: 2
Class: 17.0 , Rule:(neurons: [65, 91, 62, 25, 19, 73, 4, 98, 38, 92, 48, 3] ,signature: [1, 0, 1, 1, 1, 1, 1, 0, 0, 0, 0, 1] ),Support: 2
Class: 17.0 , Rule:(neurons: [65, 91, 82, 84, 71, 55, 17, 16, 127, 5, 28] ,signature: [1, 1, 0, 0, 0, 0, 0, 1, 1, 1, 1] ),Support: 2
Class: 17.0 , Rule:(neurons: [65, 91, 82, 84, 71, 108, 1, 20, 21, 96, 15, 92, 117] ,signature: [1, 1, 0, 0, 1, 0, 0, 0, 1, 1, 0, 0, 1] ),Support: 2
Class: 17.0 , Rule:(neurons: [65, 91, 82, 84, 71, 108, 17, 119, 104, 57, 9, 55, 77, 26, 96, 38, 48, 74, 81, 36] ,signature: [1, 1, 0, 0, 1, 1, 0, 1, 1, 1, 0, 0, 0, 0, 1, 0, 0, 1, 1, 1] ),Support: 2
Class: 17.0 , Rule:(neurons: [65, 91, 82, 84, 71, 108, 17, 26, 52, 49, 24] ,signature: [1, 1, 0, 0, 1, 1, 1, 0, 0, 1, 0] ),Support: 2
Class: 17.0 , Rule:(neurons: [65, 91, 82, 63, 28, 61, 62, 17, 22, 48, 47, 30] ,signature: [1, 1, 1, 0, 1, 0, 1, 0, 1, 0, 0, 0] ),Support: 2
Class: 17.0 , Rule:(neurons: [65, 91, 82, 63, 127, 86, 108, 99, 94, 14, 76, 57] ,signature: [1, 1, 1, 1, 0, 1, 1, 0, 0, 1, 1, 0] ),Support: 2
Class: 17.0 , Rule:(neurons: [65, 91, 82, 63, 127, 86, 108, 99, 94, 2] ,signature: [1, 1, 1, 1, 0, 1, 1, 0, 1, 1] ),Support: 2
Class: 17.0 , Rule:(neurons: [65, 91, 82, 63, 127, 25, 1, 97, 13, 66, 22] ,signature: [1, 1, 1, 1, 1, 1, 1, 0, 0, 0, 0] ),Support: 2
Class: 17.0 , Rule:(neurons: [65, 91, 82, 63, 127, 25, 1, 97, 13, 5, 35] ,signature: [1, 1, 1, 1, 1, 1, 1, 0, 1, 1, 0] ),Support: 2
Class: 17.0 , Rule:(neurons: [65, 91, 82, 63, 127, 25, 1, 97, 11, 71, 0] ,signature: [1, 1, 1, 1, 1, 1, 1, 1, 0, 0, 1] ),Support: 2
Class: 17.0 , Rule:(neurons: [65, 22, 28, 17, 96, 62, 45, 0, 76, 29, 52, 86, 10, 108] ,signature: [0, 0, 0, 0, 0, 0, 1, 0, 0, 0, 1, 1, 1, 0] ),Support: 1
Class: 17.0 , Rule:(neurons: [65, 22, 28, 17, 96, 118, 0, 82, 91, 94, 29, 47, 21] ,signature: [0, 0, 0, 0, 1, 0, 0, 0, 0, 0, 1, 0, 1] ),Support: 1
Class: 17.0 , Rule:(neurons: [65, 22, 28, 17, 96, 118, 0, 82, 91, 45, 69, 68, 124, 126] ,signature: [0, 0, 0, 0, 1, 0, 0, 0, 1, 0, 1, 0, 0, 1] ),Support: 1
Class: 17.0 , Rule:(neurons: [65, 22, 28, 17, 96, 118, 0, 82, 91, 45, 69, 68] ,signature: [0, 0, 0, 0, 1, 0, 0, 0, 1, 0, 1, 1] ),Support: 1
Class: 17.0 , Rule:(neurons: [65, 22, 28, 17, 96, 118, 0, 82, 91, 45, 44, 63, 16] ,signature: [0, 0, 0, 0, 1, 0, 0, 0, 1, 1, 0, 1, 0] ),Support: 1
Class: 17.0 , Rule:(neurons: [65, 22, 28, 17, 96, 118, 0, 82, 91, 45, 44, 117, 59] ,signature: [0, 0, 0, 0, 1, 0, 0, 0, 1, 1, 1, 0, 1] ),Support: 1
Class: 17.0 , Rule:(neurons: [65, 22, 28, 17, 96, 118, 0, 82, 91, 45, 44, 117, 29, 66] ,signature: [0, 0, 0, 0, 1, 0, 0, 0, 1, 1, 1, 1, 1, 0] ),Support: 1
Class: 17.0 , Rule:(neurons: [65, 22, 28, 17, 96, 118, 0, 82, 77, 110, 29, 117, 123, 4, 119, 113, 5, 48] ,signature: [0, 0, 0, 0, 1, 0, 0, 1, 0, 1, 1, 1, 1, 0, 1, 0, 0, 1] ),Support: 1
Class: 17.0 , Rule:(neurons: [65, 22, 28, 17, 96, 118, 0, 14, 62, 94, 119, 45, 113, 101] ,signature: [0, 0, 0, 0, 1, 0, 1, 0, 1, 1, 1, 1, 0, 0] ),Support: 1
Class: 17.0 , Rule:(neurons: [65, 22, 28, 17, 96, 118, 0, 14, 63, 119, 9, 31, 3, 80, 40, 27] ,signature: [0, 0, 0, 0, 1, 0, 1, 1, 0, 0, 0, 0, 0, 1, 0, 0] ),Support: 1
Class: 17.0 , Rule:(neurons: [65, 22, 28, 17, 96, 118, 0, 14, 63, 10, 91, 20, 62] ,signature: [0, 0, 0, 0, 1, 0, 1, 1, 1, 0, 1, 1, 0] ),Support: 1
Class: 17.0 , Rule:(neurons: [65, 22, 28, 17, 96, 118, 0, 14, 63, 10, 45, 49, 83, 43, 3] ,signature: [0, 0, 0, 0, 1, 0, 1, 1, 1, 1, 0, 0, 1, 1, 0] ),Support: 1
Class: 17.0 , Rule:(neurons: [65, 22, 28, 17, 96, 118, 0, 14, 63, 10, 45, 49, 13, 69, 5, 108] ,signature: [0, 0, 0, 0, 1, 0, 1, 1, 1, 1, 0, 1, 1, 1, 0, 1] ),Support: 1
Class: 17.0 , Rule:(neurons: [65, 22, 28, 17, 96, 118, 62, 21, 25, 121, 126, 114, 93, 115, 100] ,signature: [0, 0, 0, 0, 1, 1, 0, 0, 1, 0, 1, 0, 1, 0, 0] ),Support: 1
Class: 17.0 , Rule:(neurons: [65, 22, 28, 17, 96, 118, 62, 21, 25, 121, 4, 43, 10] ,signature: [0, 0, 0, 0, 1, 1, 0, 0, 1, 1, 0, 1, 1] ),Support: 1
Class: 17.0 , Rule:(neurons: [65, 22, 28, 17, 96, 118, 62, 104, 35, 45, 13, 26, 52, 5, 0, 113] ,signature: [0, 0, 0, 0, 1, 1, 1, 1, 1, 0, 1, 0, 0, 0, 0, 1] ),Support: 1
Class: 17.0 , Rule:(neurons: [65, 22, 28, 17, 96, 118, 62, 104, 35, 45, 81, 33, 73, 4] ,signature: [0, 0, 0, 0, 1, 1, 1, 1, 1, 1, 0, 1, 0, 1] ),Support: 1
Class: 17.0 , Rule:(neurons: [65, 22, 28, 17, 14, 48, 113, 77, 79, 68, 20, 5, 1, 85, 83, 3, 73, 118, 69] ,signature: [0, 0, 0, 1, 0, 0, 0, 0, 1, 0, 1, 0, 0, 1, 0, 0, 1, 1, 0] ),Support: 1
Class: 17.0 , Rule:(neurons: [65, 22, 28, 17, 14, 48, 113, 77, 27, 104, 124, 116, 102, 44, 62, 83] ,signature: [0, 0, 0, 1, 0, 0, 0, 1, 1, 1, 0, 1, 1, 1, 1, 1] ),Support: 1
Class: 17.0 , Rule:(neurons: [65, 22, 28, 17, 14, 48, 113, 19, 76, 52, 122, 79, 20, 5, 68, 30, 92, 99] ,signature: [0, 0, 0, 1, 0, 0, 1, 0, 1, 0, 0, 1, 1, 0, 0, 1, 1, 0] ),Support: 1
Class: 17.0 , Rule:(neurons: [65, 22, 28, 17, 14, 48, 113, 19, 105, 61, 62, 49, 29, 54, 34, 13] ,signature: [0, 0, 0, 1, 0, 0, 1, 1, 1, 0, 0, 1, 0, 1, 1, 1] ),Support: 1
Class: 17.0 , Rule:(neurons: [65, 22, 28, 17, 14, 48, 113, 19, 105, 61, 26, 4, 45, 69, 78] ,signature: [0, 0, 0, 1, 0, 0, 1, 1, 1, 1, 1, 1, 1, 0, 0] ),Support: 1
Class: 17.0 , Rule:(neurons: [65, 22, 28, 17, 14, 48, 45, 4, 61, 89, 46, 36, 124, 76, 80] ,signature: [0, 0, 0, 1, 0, 1, 1, 0, 1, 1, 0, 0, 1, 0, 0] ),Support: 1
Class: 17.0 , Rule:(neurons: [65, 22, 28, 17, 14, 48, 45, 4, 94, 9, 36, 61, 10, 39, 77, 115] ,signature: [0, 0, 0, 1, 0, 1, 1, 1, 0, 1, 0, 1, 0, 1, 0, 0] ),Support: 1
Class: 17.0 , Rule:(neurons: [65, 22, 28, 17, 14, 29, 43, 62, 91, 26, 44, 36] ,signature: [0, 0, 0, 1, 1, 0, 1, 1, 1, 0, 1, 1] ),Support: 1
Class: 17.0 , Rule:(neurons: [65, 22, 28, 17, 14, 29, 10, 106, 5, 64, 104, 24, 32, 102, 86] ,signature: [0, 0, 0, 1, 1, 1, 0, 0, 0, 0, 1, 1, 1, 1, 1] ),Support: 1
Class: 17.0 , Rule:(neurons: [65, 22, 28, 17, 14, 29, 10, 106, 5, 64, 93, 85, 48, 102] ,signature: [0, 0, 0, 1, 1, 1, 0, 0, 0, 1, 1, 0, 1, 0] ),Support: 1
Class: 17.0 , Rule:(neurons: [65, 22, 28, 17, 14, 29, 10, 106, 5, 64, 93, 85, 68, 71, 37, 48, 91, 119, 19, 47, 101, 92] ,signature: [0, 0, 0, 1, 1, 1, 0, 0, 0, 1, 1, 1, 0, 1, 1, 0, 1, 0, 0, 0, 1, 1] ),Support: 1
Class: 17.0 , Rule:(neurons: [65, 22, 28, 17, 14, 29, 10, 106, 91, 62, 48, 32] ,signature: [0, 0, 0, 1, 1, 1, 0, 1, 1, 1, 0, 0] ),Support: 1
Class: 17.0 , Rule:(neurons: [65, 22, 28, 17, 14, 29, 10, 106, 91, 62, 48, 32, 97] ,signature: [0, 0, 0, 1, 1, 1, 0, 1, 1, 1, 0, 1, 1] ),Support: 1
Class: 17.0 , Rule:(neurons: [65, 22, 28, 17, 14, 29, 10, 106, 91, 62, 48, 124, 61] ,signature: [0, 0, 0, 1, 1, 1, 0, 1, 1, 1, 1, 0, 0] ),Support: 1
Class: 17.0 , Rule:(neurons: [65, 22, 28, 17, 14, 29, 10, 84, 76, 62, 94, 98, 102, 115] ,signature: [0, 0, 0, 1, 1, 1, 1, 0, 1, 1, 1, 0, 1, 0] ),Support: 1
Class: 17.0 , Rule:(neurons: [65, 22, 28, 17, 14, 29, 10, 84, 98, 113, 122, 48, 67] ,signature: [0, 0, 0, 1, 1, 1, 1, 1, 0, 0, 0, 1, 1] ),Support: 1
Class: 17.0 , Rule:(neurons: [65, 22, 28, 19, 68, 116, 8, 104, 79, 24, 54, 122, 102, 119, 48, 121, 46, 109, 71, 13] ,signature: [0, 0, 1, 0, 0, 1, 1, 1, 0, 1, 1, 0, 0, 1, 0, 0, 0, 0, 0, 0] ),Support: 1
Class: 17.0 , Rule:(neurons: [65, 22, 28, 19, 68, 29, 45, 57, 102, 86, 108, 2] ,signature: [0, 0, 1, 0, 1, 1, 0, 0, 0, 1, 1, 0] ),Support: 1
Class: 17.0 , Rule:(neurons: [65, 22, 28, 19, 68, 29, 45, 116, 25, 77] ,signature: [0, 0, 1, 0, 1, 1, 1, 1, 1, 1] ),Support: 1
Class: 17.0 , Rule:(neurons: [65, 22, 28, 19, 62, 17, 34, 54, 126, 11, 24, 1] ,signature: [0, 0, 1, 1, 0, 0, 1, 0, 0, 1, 1, 1] ),Support: 1
Class: 17.0 , Rule:(neurons: [65, 22, 61, 26, 67, 68, 28, 83, 40, 24] ,signature: [0, 1, 0, 0, 0, 0, 0, 1, 0, 0] ),Support: 1
Class: 17.0 , Rule:(neurons: [65, 22, 61, 26, 94, 25, 34, 89, 123] ,signature: [0, 1, 0, 1, 0, 0, 0, 1, 0] ),Support: 1
Class: 17.0 , Rule:(neurons: [65, 22, 61, 26, 94, 25, 34, 118, 0, 101, 20, 108, 122, 63, 4] ,signature: [0, 1, 0, 1, 0, 0, 1, 0, 1, 1, 1, 1, 0, 1, 0] ),Support: 1
Class: 17.0 , Rule:(neurons: [65, 22, 61, 26, 94, 1, 118, 108, 25, 16, 121, 68, 40, 114] ,signature: [0, 1, 0, 1, 1, 0, 0, 1, 0, 0, 1, 0, 1, 0] ),Support: 1
Class: 17.0 , Rule:(neurons: [65, 22, 61, 26, 94, 1, 118, 57, 74, 35, 97, 13, 64, 20] ,signature: [0, 1, 0, 1, 1, 0, 1, 1, 0, 1, 0, 1, 1, 1] ),Support: 1
Class: 17.0 , Rule:(neurons: [65, 22, 61, 26, 94, 1, 118, 57, 74, 8, 69, 52, 38, 66] ,signature: [0, 1, 0, 1, 1, 0, 1, 1, 1, 0, 1, 1, 0, 0] ),Support: 1
Class: 17.0 , Rule:(neurons: [65, 22, 61, 26, 94, 1, 118, 57, 74, 8, 93, 113, 20, 62, 16] ,signature: [0, 1, 0, 1, 1, 0, 1, 1, 1, 1, 1, 1, 0, 0, 0] ),Support: 1
Class: 17.0 , Rule:(neurons: [65, 22, 61, 26, 94, 1, 118, 57, 96, 64, 121, 108, 69, 24, 63] ,signature: [0, 1, 0, 1, 1, 1, 0, 1, 1, 1, 1, 1, 0, 0, 0] ),Support: 1
Class: 17.0 , Rule:(neurons: [65, 22, 61, 92, 10, 47, 44, 89, 106, 17, 68] ,signature: [0, 1, 1, 0, 1, 0, 0, 1, 1, 0, 0] ),Support: 1
Class: 17.0 , Rule:(neurons: [65, 22, 61, 92, 47, 64, 84, 15, 57, 96, 5, 44, 94, 76, 17, 54, 2, 71] ,signature: [0, 1, 1, 1, 0, 1, 0, 1, 1, 1, 0, 1, 1, 1, 0, 1, 0, 0] ),Support: 1
Class: 17.0 , Rule:(neurons: [65, 22, 61, 92, 47, 64, 84, 15, 57, 96, 5, 44, 94, 76, 17] ,signature: [0, 1, 1, 1, 0, 1, 0, 1, 1, 1, 0, 1, 1, 1, 1] ),Support: 1
Class: 17.0 , Rule:(neurons: [65, 22, 61, 92, 47, 108, 8, 39, 11, 43, 25, 34, 67] ,signature: [0, 1, 1, 1, 1, 1, 1, 1, 0, 0, 0, 1, 1] ),Support: 1
Class: 17.0 , Rule:(neurons: [65, 22, 61, 92, 47, 108, 8, 39, 11, 43, 54, 113, 0] ,signature: [0, 1, 1, 1, 1, 1, 1, 1, 0, 1, 1, 0, 0] ),Support: 1
Class: 17.0 , Rule:(neurons: [65, 91, 62, 4, 106, 19, 20, 97, 86, 79, 43] ,signature: [1, 0, 0, 0, 0, 0, 1, 1, 1, 1, 1] ),Support: 1
Class: 17.0 , Rule:(neurons: [65, 91, 62, 4, 106, 1, 49, 79, 55, 9, 42, 96, 45, 117, 101, 46, 66, 116, 99] ,signature: [1, 0, 0, 0, 1, 0, 0, 0, 0, 0, 0, 0, 1, 1, 0, 0, 1, 1, 0] ),Support: 1
Class: 17.0 , Rule:(neurons: [65, 91, 62, 4, 106, 1, 49, 79, 55, 9, 42, 115, 48, 33, 3, 124] ,signature: [1, 0, 0, 0, 1, 0, 0, 0, 0, 0, 1, 0, 1, 0, 0, 1] ),Support: 1
Class: 17.0 , Rule:(neurons: [65, 91, 62, 4, 106, 1, 49, 79, 55, 9, 42, 115, 48, 33, 85, 68] ,signature: [1, 0, 0, 0, 1, 0, 0, 0, 0, 0, 1, 0, 1, 1, 0, 1] ),Support: 1
Class: 17.0 , Rule:(neurons: [65, 91, 62, 4, 106, 1, 49, 20, 66, 48, 59, 74, 0, 51] ,signature: [1, 0, 0, 0, 1, 0, 1, 0, 0, 0, 1, 0, 0, 0] ),Support: 1
Class: 17.0 , Rule:(neurons: [65, 91, 62, 4, 106, 1, 49, 20, 94, 0, 80, 86, 28, 118, 8] ,signature: [1, 0, 0, 0, 1, 0, 1, 1, 0, 0, 1, 1, 0, 1, 1] ),Support: 1
Class: 17.0 , Rule:(neurons: [65, 91, 62, 4, 106, 1, 49, 20, 94, 0, 124, 33, 21, 48, 105, 115] ,signature: [1, 0, 0, 0, 1, 0, 1, 1, 0, 1, 1, 1, 0, 1, 1, 0] ),Support: 1
Class: 17.0 , Rule:(neurons: [65, 91, 62, 4, 106, 1, 49, 20, 94, 28, 15, 55, 2, 82, 69, 68] ,signature: [1, 0, 0, 0, 1, 0, 1, 1, 1, 0, 0, 0, 1, 0, 0, 1] ),Support: 1
Class: 17.0 , Rule:(neurons: [65, 91, 62, 4, 106, 1, 16, 104, 55, 76, 97, 84, 77, 26, 102, 69, 9, 117, 19] ,signature: [1, 0, 0, 0, 1, 1, 0, 1, 0, 0, 1, 0, 0, 0, 1, 0, 0, 0, 0] ),Support: 1
Class: 17.0 , Rule:(neurons: [65, 91, 62, 4, 106, 1, 16, 104, 55, 76, 97, 84, 77, 26, 102, 69, 9, 124, 28] ,signature: [1, 0, 0, 0, 1, 1, 0, 1, 0, 0, 1, 0, 0, 0, 1, 0, 1, 1, 0] ),Support: 1
Class: 17.0 , Rule:(neurons: [65, 91, 62, 4, 106, 1, 16, 85, 84, 47, 104, 124] ,signature: [1, 0, 0, 0, 1, 1, 1, 0, 0, 0, 0, 1] ),Support: 1
Class: 17.0 , Rule:(neurons: [65, 91, 62, 4, 106, 1, 16, 85, 84, 47, 104, 97, 38, 26] ,signature: [1, 0, 0, 0, 1, 1, 1, 0, 0, 0, 1, 1, 1, 1] ),Support: 1
Class: 17.0 , Rule:(neurons: [65, 91, 62, 4, 106, 1, 16, 85, 84, 47, 79] ,signature: [1, 0, 0, 0, 1, 1, 1, 0, 0, 1, 0] ),Support: 1
Class: 17.0 , Rule:(neurons: [65, 91, 62, 4, 106, 1, 16, 85, 84, 77, 94] ,signature: [1, 0, 0, 0, 1, 1, 1, 0, 1, 1, 1] ),Support: 1
Class: 17.0 , Rule:(neurons: [65, 91, 62, 4, 106, 1, 16, 85, 82, 97, 86, 108, 115, 109] ,signature: [1, 0, 0, 0, 1, 1, 1, 1, 1, 1, 0, 0, 1, 1] ),Support: 1
Class: 17.0 , Rule:(neurons: [65, 91, 62, 4, 25, 29, 36, 1, 104, 99, 74, 127, 101] ,signature: [1, 0, 0, 1, 0, 0, 0, 1, 1, 0, 0, 1, 1] ),Support: 1
Class: 17.0 , Rule:(neurons: [65, 91, 62, 4, 25, 29, 36, 96, 48, 13, 40] ,signature: [1, 0, 0, 1, 0, 0, 1, 0, 1, 1, 0] ),Support: 1
Class: 17.0 , Rule:(neurons: [65, 91, 62, 4, 25, 97, 71, 1, 27, 123] ,signature: [1, 0, 0, 1, 1, 0, 0, 1, 1, 0] ),Support: 1
Class: 17.0 , Rule:(neurons: [65, 91, 62, 4, 25, 97, 71, 48, 19, 89, 43, 86, 93, 42, 101] ,signature: [1, 0, 0, 1, 1, 0, 1, 0, 0, 1, 1, 1, 1, 1, 1] ),Support: 1
Class: 17.0 , Rule:(neurons: [65, 91, 62, 4, 25, 97, 71, 48, 21, 44, 49, 115, 2, 7, 27, 46, 28, 16, 121] ,signature: [1, 0, 0, 1, 1, 0, 1, 1, 0, 1, 0, 0, 0, 0, 0, 0, 0, 0, 0] ),Support: 1
Class: 17.0 , Rule:(neurons: [65, 91, 62, 4, 25, 97, 71, 48, 21, 44, 49, 115, 2, 7, 27, 77, 108] ,signature: [1, 0, 0, 1, 1, 0, 1, 1, 0, 1, 0, 0, 0, 0, 1, 1, 1] ),Support: 1
Class: 17.0 , Rule:(neurons: [65, 91, 62, 4, 25, 97, 71, 48, 21, 44, 49, 115, 38, 80, 101, 51, 76, 54, 94, 117, 114] ,signature: [1, 0, 0, 1, 1, 0, 1, 1, 0, 1, 0, 1, 0, 1, 0, 0, 0, 1, 0, 0, 0] ),Support: 1
Class: 17.0 , Rule:(neurons: [65, 91, 62, 4, 25, 97, 71, 48, 21, 44, 49, 115, 38, 9, 118, 11] ,signature: [1, 0, 0, 1, 1, 0, 1, 1, 0, 1, 0, 1, 1, 1, 0, 0] ),Support: 1
Class: 17.0 , Rule:(neurons: [65, 91, 62, 4, 25, 97, 110, 51, 2, 48, 30, 66, 55, 10, 28] ,signature: [1, 0, 0, 1, 1, 1, 0, 0, 0, 0, 1, 0, 0, 0, 0] ),Support: 1
Class: 17.0 , Rule:(neurons: [65, 91, 62, 4, 25, 97, 110, 51, 2, 48, 92, 13, 40, 105, 34, 85] ,signature: [1, 0, 0, 1, 1, 1, 0, 0, 0, 1, 0, 1, 1, 1, 1, 1] ),Support: 1
Class: 17.0 , Rule:(neurons: [65, 91, 62, 4, 25, 97, 110, 51, 2, 26, 104, 61, 88, 28] ,signature: [1, 0, 0, 1, 1, 1, 0, 0, 1, 0, 0, 0, 0, 1] ),Support: 1
Class: 17.0 , Rule:(neurons: [65, 91, 62, 4, 25, 97, 110, 51, 2, 26, 104, 32, 84, 61] ,signature: [1, 0, 0, 1, 1, 1, 0, 0, 1, 0, 1, 0, 0, 1] ),Support: 1
Class: 17.0 , Rule:(neurons: [65, 91, 62, 4, 25, 97, 110, 51, 2, 26, 104, 32, 84, 109, 61, 33] ,signature: [1, 0, 0, 1, 1, 1, 0, 0, 1, 0, 1, 0, 1, 0, 0, 0] ),Support: 1
Class: 17.0 , Rule:(neurons: [65, 91, 62, 4, 25, 97, 110, 51, 2, 26, 89, 32, 20] ,signature: [1, 0, 0, 1, 1, 1, 0, 0, 1, 1, 1, 1, 1] ),Support: 1
Class: 17.0 , Rule:(neurons: [65, 91, 62, 4, 25, 97, 110, 51, 79, 115, 16, 116] ,signature: [1, 0, 0, 1, 1, 1, 0, 1, 0, 0, 1, 1] ),Support: 1
Class: 17.0 , Rule:(neurons: [65, 91, 62, 4, 25, 97, 110, 51, 79, 115, 15, 89, 19, 114] ,signature: [1, 0, 0, 1, 1, 1, 0, 1, 0, 1, 0, 0, 0, 0] ),Support: 1
Class: 17.0 , Rule:(neurons: [65, 91, 62, 4, 25, 97, 110, 77, 67, 2] ,signature: [1, 0, 0, 1, 1, 1, 1, 0, 0, 1] ),Support: 1
Class: 17.0 , Rule:(neurons: [65, 91, 62, 4, 25, 97, 110, 77, 104, 93, 11, 55, 17] ,signature: [1, 0, 0, 1, 1, 1, 1, 1, 1, 1, 0, 1, 0] ),Support: 1
Class: 17.0 , Rule:(neurons: [65, 91, 62, 4, 25, 97, 110, 77, 104, 93, 11, 74, 49] ,signature: [1, 0, 0, 1, 1, 1, 1, 1, 1, 1, 1, 0, 1] ),Support: 1
Class: 17.0 , Rule:(neurons: [65, 91, 62, 4, 25, 97, 110, 77, 104, 93, 11, 74] ,signature: [1, 0, 0, 1, 1, 1, 1, 1, 1, 1, 1, 1] ),Support: 1
Class: 17.0 , Rule:(neurons: [65, 91, 62, 25, 1, 94, 63, 45, 2, 61, 51, 122, 23, 100, 108, 55, 35, 85] ,signature: [1, 0, 1, 0, 0, 0, 1, 1, 0, 0, 1, 0, 1, 1, 1, 0, 0, 0] ),Support: 1
Class: 17.0 , Rule:(neurons: [65, 91, 62, 25, 1, 94, 63, 45, 2, 32, 13, 17, 81] ,signature: [1, 0, 1, 0, 0, 0, 1, 1, 1, 1, 1, 0, 0] ),Support: 1
Class: 17.0 , Rule:(neurons: [65, 91, 62, 25, 1, 94, 104, 108, 97, 52, 35, 61, 122, 109] ,signature: [1, 0, 1, 0, 0, 1, 1, 1, 0, 1, 1, 0, 0, 0] ),Support: 1
Class: 17.0 , Rule:(neurons: [65, 91, 62, 25, 1, 94, 104, 108, 97, 52, 35, 61, 20] ,signature: [1, 0, 1, 0, 0, 1, 1, 1, 0, 1, 1, 1, 1] ),Support: 1
Class: 17.0 , Rule:(neurons: [65, 91, 62, 25, 1, 94, 104, 108, 97, 102, 113, 118, 17] ,signature: [1, 0, 1, 0, 0, 1, 1, 1, 1, 1, 1, 1, 1] ),Support: 1
Class: 17.0 , Rule:(neurons: [65, 91, 62, 25, 1, 94, 97, 7, 16, 116, 35] ,signature: [1, 0, 1, 0, 1, 1, 0, 1, 0, 1, 1] ),Support: 1
Class: 17.0 , Rule:(neurons: [65, 91, 62, 25, 1, 94, 97, 36, 26, 4, 27, 85] ,signature: [1, 0, 1, 0, 1, 1, 1, 1, 0, 1, 0, 0] ),Support: 1
Class: 17.0 , Rule:(neurons: [65, 91, 62, 25, 19, 79, 1, 51, 88, 55, 73, 2, 45] ,signature: [1, 0, 1, 1, 0, 0, 0, 1, 0, 0, 0, 0, 0] ),Support: 1
Class: 17.0 , Rule:(neurons: [65, 91, 62, 25, 19, 79, 1, 51, 88, 55, 73, 2, 45, 94, 34, 29, 42, 84, 117, 28] ,signature: [1, 0, 1, 1, 0, 0, 0, 1, 0, 0, 0, 0, 1, 0, 1, 0, 1, 0, 0, 1] ),Support: 1
Class: 17.0 , Rule:(neurons: [65, 91, 62, 25, 19, 79, 1, 51, 88, 55, 73, 2, 45, 94, 34, 29, 33, 5, 16, 102, 40, 0] ,signature: [1, 0, 1, 1, 0, 0, 0, 1, 0, 0, 0, 0, 1, 0, 1, 1, 1, 1, 1, 1, 0, 0] ),Support: 1
Class: 17.0 , Rule:(neurons: [65, 91, 62, 25, 19, 79, 1, 51, 88, 55, 73, 2, 45, 94, 64, 49, 35, 27, 30] ,signature: [1, 0, 1, 1, 0, 0, 0, 1, 0, 0, 0, 0, 1, 1, 0, 0, 0, 0, 0] ),Support: 1
Class: 17.0 , Rule:(neurons: [65, 91, 62, 25, 19, 79, 1, 51, 88, 55, 73, 2, 45, 94, 64, 49, 35, 15, 22, 108, 127, 30, 7] ,signature: [1, 0, 1, 1, 0, 0, 0, 1, 0, 0, 0, 0, 1, 1, 0, 0, 1, 0, 0, 1, 1, 0, 1] ),Support: 1
Class: 17.0 , Rule:(neurons: [65, 91, 62, 25, 19, 79, 1, 51, 88, 55, 73, 2, 45, 94, 64, 49, 116, 46] ,signature: [1, 0, 1, 1, 0, 0, 0, 1, 0, 0, 0, 0, 1, 1, 0, 1, 1, 1] ),Support: 1
Class: 17.0 , Rule:(neurons: [65, 91, 62, 25, 19, 79, 1, 51, 88, 55, 73, 29, 46, 48, 110, 101, 16, 24, 42] ,signature: [1, 0, 1, 1, 0, 0, 0, 1, 0, 0, 1, 0, 0, 1, 0, 0, 1, 1, 1] ),Support: 1
Class: 17.0 , Rule:(neurons: [65, 91, 62, 25, 19, 79, 1, 51, 88, 55, 83, 124, 115, 109, 69, 13] ,signature: [1, 0, 1, 1, 0, 0, 0, 1, 0, 1, 0, 1, 1, 1, 0, 1] ),Support: 1
Class: 17.0 , Rule:(neurons: [65, 91, 62, 25, 19, 79, 1, 51, 88, 15, 86, 26, 16, 102, 64, 38] ,signature: [1, 0, 1, 1, 0, 0, 0, 1, 1, 1, 1, 0, 1, 0, 1, 0] ),Support: 1
Class: 17.0 , Rule:(neurons: [65, 91, 62, 25, 19, 79, 1, 51, 88, 15, 86, 26, 98, 97, 104, 40] ,signature: [1, 0, 1, 1, 0, 0, 0, 1, 1, 1, 1, 1, 1, 1, 1, 1] ),Support: 1
Class: 17.0 , Rule:(neurons: [65, 91, 62, 25, 19, 79, 1, 115, 94, 26, 29, 49, 7] ,signature: [1, 0, 1, 1, 0, 0, 1, 0, 1, 0, 0, 1, 1] ),Support: 1
Class: 17.0 , Rule:(neurons: [65, 91, 62, 25, 19, 79, 1, 115, 116, 114, 102, 69] ,signature: [1, 0, 1, 1, 0, 0, 1, 1, 1, 0, 0, 1] ),Support: 1
Class: 17.0 , Rule:(neurons: [65, 91, 62, 25, 19, 79, 1, 115, 116, 114, 84, 110, 85, 46, 75, 11] ,signature: [1, 0, 1, 1, 0, 0, 1, 1, 1, 1, 0, 1, 1, 0, 1, 1] ),Support: 1
Class: 17.0 , Rule:(neurons: [65, 91, 62, 25, 19, 79, 21, 4, 5, 114, 94, 109] ,signature: [1, 0, 1, 1, 0, 1, 0, 0, 1, 0, 1, 0] ),Support: 1
Class: 17.0 , Rule:(neurons: [65, 91, 62, 25, 19, 73, 7, 4, 83, 55, 42, 49] ,signature: [1, 0, 1, 1, 1, 0, 0, 0, 1, 0, 1, 1] ),Support: 1
Class: 17.0 , Rule:(neurons: [65, 91, 62, 25, 19, 73, 7, 4, 82, 84, 116, 46, 1, 77] ,signature: [1, 0, 1, 1, 1, 0, 0, 1, 1, 0, 0, 0, 1, 1] ),Support: 1
Class: 17.0 , Rule:(neurons: [65, 91, 62, 25, 19, 73, 7, 4, 82, 84, 116, 46, 75, 110] ,signature: [1, 0, 1, 1, 1, 0, 0, 1, 1, 0, 0, 1, 1, 0] ),Support: 1
Class: 17.0 , Rule:(neurons: [65, 91, 62, 25, 19, 73, 7, 1, 24, 22, 34, 35, 116, 97] ,signature: [1, 0, 1, 1, 1, 0, 1, 1, 1, 0, 0, 1, 1, 1] ),Support: 1
Class: 17.0 , Rule:(neurons: [65, 91, 62, 25, 19, 73, 7, 1, 24, 22, 34, 48, 29, 51] ,signature: [1, 0, 1, 1, 1, 0, 1, 1, 1, 0, 1, 0, 0, 1] ),Support: 1
Class: 17.0 , Rule:(neurons: [65, 91, 62, 25, 19, 73, 7, 1, 24, 22, 34, 48, 105] ,signature: [1, 0, 1, 1, 1, 0, 1, 1, 1, 0, 1, 1, 0] ),Support: 1
Class: 17.0 , Rule:(neurons: [65, 91, 62, 25, 19, 73, 4, 102, 99, 61, 24, 15] ,signature: [1, 0, 1, 1, 1, 1, 0, 1, 0, 0, 0, 0] ),Support: 1
Class: 17.0 , Rule:(neurons: [65, 91, 62, 25, 19, 73, 4, 98, 38, 48, 40, 116, 104] ,signature: [1, 0, 1, 1, 1, 1, 1, 0, 1, 0, 1, 0, 1] ),Support: 1
Class: 17.0 , Rule:(neurons: [65, 91, 82, 84, 71, 55, 17, 16, 51, 10, 104, 36, 75, 119] ,signature: [1, 1, 0, 0, 0, 0, 0, 0, 1, 0, 1, 0, 0, 0] ),Support: 1
Class: 17.0 , Rule:(neurons: [65, 91, 82, 84, 71, 55, 17, 16, 51, 10, 104, 36, 75, 57, 24, 48] ,signature: [1, 1, 0, 0, 0, 0, 0, 0, 1, 0, 1, 0, 1, 0, 1, 0] ),Support: 1
Class: 17.0 , Rule:(neurons: [65, 91, 82, 84, 71, 55, 17, 16, 51, 10, 25, 108, 127] ,signature: [1, 1, 0, 0, 0, 0, 0, 0, 1, 1, 0, 0, 1] ),Support: 1
Class: 17.0 , Rule:(neurons: [65, 91, 82, 84, 71, 55, 17, 16, 127, 44, 35, 57, 75, 29] ,signature: [1, 1, 0, 0, 0, 0, 0, 1, 0, 1, 0, 0, 1, 0] ),Support: 1
Class: 17.0 , Rule:(neurons: [65, 91, 82, 84, 71, 55, 17, 16, 127, 44, 35, 52, 124, 33, 24] ,signature: [1, 1, 0, 0, 0, 0, 0, 1, 0, 1, 1, 0, 1, 0, 1] ),Support: 1
Class: 17.0 , Rule:(neurons: [65, 91, 82, 84, 71, 55, 17, 127, 97, 14, 35, 102, 32] ,signature: [1, 1, 0, 0, 0, 0, 1, 1, 0, 0, 1, 1, 0] ),Support: 1
Class: 17.0 , Rule:(neurons: [65, 91, 82, 84, 71, 55, 17, 127, 97, 94] ,signature: [1, 1, 0, 0, 0, 0, 1, 1, 1, 0] ),Support: 1
Class: 17.0 , Rule:(neurons: [65, 91, 82, 84, 71, 55, 17, 127, 97, 94, 52] ,signature: [1, 1, 0, 0, 0, 0, 1, 1, 1, 1, 0] ),Support: 1
Class: 17.0 , Rule:(neurons: [65, 91, 82, 84, 71, 55, 17, 127, 97, 94, 52, 3, 26] ,signature: [1, 1, 0, 0, 0, 0, 1, 1, 1, 1, 1, 1, 0] ),Support: 1
Class: 17.0 , Rule:(neurons: [65, 91, 82, 84, 71, 108, 1, 20, 100, 63, 21, 24, 121] ,signature: [1, 1, 0, 0, 1, 0, 0, 1, 1, 1, 1, 0, 0] ),Support: 1
Class: 17.0 , Rule:(neurons: [65, 91, 82, 84, 71, 108, 17, 119, 104, 57, 9, 55, 7] ,signature: [1, 1, 0, 0, 1, 1, 0, 1, 1, 1, 0, 1, 1] ),Support: 1
Class: 17.0 , Rule:(neurons: [65, 91, 82, 84, 71, 108, 17, 26, 52, 86, 127, 75] ,signature: [1, 1, 0, 0, 1, 1, 1, 0, 1, 1, 0, 0] ),Support: 1
Class: 17.0 , Rule:(neurons: [65, 91, 82, 84, 71, 108, 17, 26, 52, 86, 127, 75, 0, 96, 110] ,signature: [1, 1, 0, 0, 1, 1, 1, 0, 1, 1, 0, 1, 0, 0, 0] ),Support: 1
Class: 17.0 , Rule:(neurons: [65, 91, 82, 84, 71, 108, 17, 26, 52, 86, 127, 40, 104, 83, 5] ,signature: [1, 1, 0, 0, 1, 1, 1, 0, 1, 1, 1, 1, 1, 1, 0] ),Support: 1
Class: 17.0 , Rule:(neurons: [65, 91, 82, 84, 26, 16, 15, 126] ,signature: [1, 1, 0, 1, 0, 0, 0, 1] ),Support: 1
Class: 17.0 , Rule:(neurons: [65, 91, 82, 84, 26, 16, 67, 48, 109, 94] ,signature: [1, 1, 0, 1, 0, 1, 0, 0, 0, 1] ),Support: 1
Class: 17.0 , Rule:(neurons: [65, 91, 82, 84, 26, 16, 67, 48, 121] ,signature: [1, 1, 0, 1, 0, 1, 0, 1, 0] ),Support: 1
Class: 17.0 , Rule:(neurons: [65, 91, 82, 63, 28, 5, 78, 27, 86, 25, 0, 102, 104] ,signature: [1, 1, 1, 0, 0, 0, 1, 0, 1, 0, 0, 1, 1] ),Support: 1
Class: 17.0 , Rule:(neurons: [65, 91, 82, 63, 28, 5, 78, 27, 77, 48, 100, 57, 25, 16, 22, 24] ,signature: [1, 1, 1, 0, 0, 0, 1, 1, 0, 0, 1, 1, 1, 0, 0, 0] ),Support: 1
Class: 17.0 , Rule:(neurons: [65, 91, 82, 63, 127, 86, 62, 113, 101] ,signature: [1, 1, 1, 1, 0, 0, 0, 1, 1] ),Support: 1
Class: 17.0 , Rule:(neurons: [65, 91, 82, 63, 127, 86, 108, 14, 122, 115, 40, 7] ,signature: [1, 1, 1, 1, 0, 1, 0, 1, 1, 0, 0, 0] ),Support: 1
Class: 17.0 , Rule:(neurons: [65, 91, 82, 63, 127, 86, 108, 99, 94, 14, 26, 97, 124, 27, 118, 115] ,signature: [1, 1, 1, 1, 0, 1, 1, 0, 0, 0, 1, 0, 0, 1, 0, 0] ),Support: 1
Class: 17.0 , Rule:(neurons: [65, 91, 82, 63, 127, 86, 108, 99, 94, 14, 26, 97, 124, 77, 113, 68, 55, 67] ,signature: [1, 1, 1, 1, 0, 1, 1, 0, 0, 0, 1, 0, 1, 1, 0, 0, 0, 1] ),Support: 1
Class: 17.0 , Rule:(neurons: [65, 91, 82, 63, 127, 86, 108, 99, 94, 14, 26, 97, 124, 77, 113, 68, 55, 38, 11] ,signature: [1, 1, 1, 1, 0, 1, 1, 0, 0, 0, 1, 0, 1, 1, 0, 0, 1, 1, 1] ),Support: 1
Class: 17.0 , Rule:(neurons: [65, 91, 82, 63, 127, 86, 108, 99, 94, 14, 26, 97, 124, 77, 113, 68, 118, 73, 75] ,signature: [1, 1, 1, 1, 0, 1, 1, 0, 0, 0, 1, 0, 1, 1, 0, 1, 1, 0, 1] ),Support: 1
Class: 17.0 , Rule:(neurons: [65, 91, 82, 63, 127, 86, 108, 99, 94, 14, 76, 100, 19, 52, 113, 3, 44] ,signature: [1, 1, 1, 1, 0, 1, 1, 0, 0, 1, 0, 1, 0, 0, 0, 1, 1] ),Support: 1
Class: 17.0 , Rule:(neurons: [65, 91, 82, 63, 127, 86, 108, 99, 94, 14, 76, 100, 19] ,signature: [1, 1, 1, 1, 0, 1, 1, 0, 0, 1, 0, 1, 1] ),Support: 1
Class: 17.0 , Rule:(neurons: [65, 91, 82, 63, 127, 86, 108, 99, 94, 2, 44, 93, 16, 74, 84, 126] ,signature: [1, 1, 1, 1, 0, 1, 1, 0, 1, 0, 1, 1, 1, 0, 0, 0] ),Support: 1
Class: 17.0 , Rule:(neurons: [65, 91, 82, 63, 127, 86, 108, 99, 94, 2, 44, 93, 16, 74, 84, 126, 36, 124, 13] ,signature: [1, 1, 1, 1, 0, 1, 1, 0, 1, 0, 1, 1, 1, 0, 0, 1, 0, 1, 0] ),Support: 1
Class: 17.0 , Rule:(neurons: [65, 91, 82, 63, 127, 86, 108, 99, 94, 2, 44, 93, 16, 74, 84] ,signature: [1, 1, 1, 1, 0, 1, 1, 0, 1, 0, 1, 1, 1, 0, 1] ),Support: 1
Class: 17.0 , Rule:(neurons: [65, 91, 82, 63, 127, 25, 62, 94, 47, 43, 121, 35, 80] ,signature: [1, 1, 1, 1, 1, 0, 1, 0, 0, 1, 1, 0, 0] ),Support: 1
Class: 17.0 , Rule:(neurons: [65, 91, 82, 63, 127, 25, 62, 94, 47, 5, 27, 67, 102, 126] ,signature: [1, 1, 1, 1, 1, 0, 1, 0, 1, 0, 1, 0, 1, 0] ),Support: 1
Class: 17.0 , Rule:(neurons: [65, 91, 82, 63, 127, 25, 62, 94, 47, 5, 83, 11, 35] ,signature: [1, 1, 1, 1, 1, 0, 1, 0, 1, 1, 0, 1, 1] ),Support: 1
Class: 17.0 , Rule:(neurons: [65, 91, 82, 63, 127, 25, 62, 94, 71, 121, 113, 55, 16, 83] ,signature: [1, 1, 1, 1, 1, 0, 1, 1, 0, 1, 0, 0, 0, 0] ),Support: 1
Class: 17.0 , Rule:(neurons: [65, 91, 82, 63, 127, 25, 62, 94, 71, 121, 113, 55, 16, 83, 33, 22, 126, 26] ,signature: [1, 1, 1, 1, 1, 0, 1, 1, 0, 1, 0, 0, 0, 1, 1, 0, 0, 1] ),Support: 1
Class: 17.0 , Rule:(neurons: [65, 91, 82, 63, 127, 25, 62, 94, 71, 121, 113, 54, 104, 4, 57, 24] ,signature: [1, 1, 1, 1, 1, 0, 1, 1, 0, 1, 1, 1, 1, 0, 0, 1] ),Support: 1
Class: 17.0 , Rule:(neurons: [65, 91, 82, 63, 127, 25, 62, 94, 71, 121, 113, 54, 104, 4, 35] ,signature: [1, 1, 1, 1, 1, 0, 1, 1, 0, 1, 1, 1, 1, 1, 0] ),Support: 1
Class: 17.0 , Rule:(neurons: [65, 91, 82, 63, 127, 25, 62, 94, 71, 26, 1, 17, 106, 22, 46, 121, 13] ,signature: [1, 1, 1, 1, 1, 0, 1, 1, 1, 0, 0, 0, 1, 1, 1, 0, 0] ),Support: 1
Class: 17.0 , Rule:(neurons: [65, 91, 82, 63, 127, 25, 62, 94, 71, 26, 1, 114] ,signature: [1, 1, 1, 1, 1, 0, 1, 1, 1, 0, 1, 1] ),Support: 1
Class: 17.0 , Rule:(neurons: [65, 91, 82, 63, 127, 25, 1, 14, 79, 61, 35, 73] ,signature: [1, 1, 1, 1, 1, 1, 0, 0, 0, 0, 0, 1] ),Support: 1
Class: 17.0 , Rule:(neurons: [65, 91, 82, 63, 127, 25, 1, 14, 79, 61, 35, 45, 43, 47, 8, 114] ,signature: [1, 1, 1, 1, 1, 1, 0, 0, 0, 0, 1, 1, 1, 0, 0, 1] ),Support: 1
Class: 17.0 , Rule:(neurons: [65, 91, 82, 63, 127, 25, 1, 14, 79, 61, 35, 45, 43, 47, 8, 114, 97, 116, 92] ,signature: [1, 1, 1, 1, 1, 1, 0, 0, 0, 0, 1, 1, 1, 0, 1, 1, 0, 1, 0] ),Support: 1
Class: 17.0 , Rule:(neurons: [65, 91, 82, 63, 127, 25, 1, 14, 79, 61, 35, 45, 43, 47, 8, 114, 97, 11] ,signature: [1, 1, 1, 1, 1, 1, 0, 0, 0, 0, 1, 1, 1, 0, 1, 1, 1, 1] ),Support: 1
Class: 17.0 , Rule:(neurons: [65, 91, 82, 63, 127, 25, 1, 14, 79, 29, 122, 80] ,signature: [1, 1, 1, 1, 1, 1, 0, 0, 1, 1, 1, 0] ),Support: 1
Class: 17.0 , Rule:(neurons: [65, 91, 82, 63, 127, 25, 1, 14, 17, 52] ,signature: [1, 1, 1, 1, 1, 1, 0, 1, 1, 1] ),Support: 1
Class: 17.0 , Rule:(neurons: [65, 91, 82, 63, 127, 25, 1, 97, 13, 5, 35, 46, 48] ,signature: [1, 1, 1, 1, 1, 1, 1, 0, 1, 1, 1, 0, 0] ),Support: 1
Class: 7.0 , Rule:(neurons: [65, 91, 82, 84, 71, 55, 17, 16, 51, 10, 25, 108, 104, 2, 33, 13, 38, 121] ,signature: [1, 1, 0, 0, 0, 0, 0, 0, 1, 1, 0, 1, 1, 0, 1, 1, 0, 1] ),Support: 1883
Class: 7.0 , Rule:(neurons: [65, 91, 82, 84, 71, 55, 17, 16, 51, 10, 25, 108, 104, 2, 33, 13, 38, 121, 8] ,signature: [1, 1, 0, 0, 0, 0, 0, 0, 1, 1, 0, 1, 1, 0, 1, 1, 0, 0, 0] ),Support: 478
Class: 7.0 , Rule:(neurons: [65, 91, 82, 63, 127, 86, 108, 99, 94, 2, 44, 93, 16, 92, 38, 83, 98, 71, 102] ,signature: [1, 1, 1, 1, 0, 1, 1, 0, 1, 0, 1, 1, 0, 1, 0, 1, 0, 0, 0] ),Support: 235
Class: 7.0 , Rule:(neurons: [65, 91, 82, 84, 71, 55, 17, 16, 51, 10, 25, 108, 104, 92, 73, 26] ,signature: [1, 1, 0, 0, 0, 0, 0, 0, 1, 1, 0, 1, 0, 1, 1, 0] ),Support: 226
Class: 7.0 , Rule:(neurons: [65, 91, 62, 4, 106, 1, 16, 104, 55, 76, 97, 84, 77, 11] ,signature: [1, 0, 0, 0, 1, 1, 0, 1, 0, 0, 1, 0, 1, 0] ),Support: 194
Class: 7.0 , Rule:(neurons: [65, 91, 62, 25, 1, 94, 97, 36, 104, 16, 22] ,signature: [1, 0, 1, 0, 1, 1, 1, 0, 1, 0, 0] ),Support: 186
Class: 7.0 , Rule:(neurons: [65, 91, 82, 84, 71, 55, 17, 16, 51, 10, 25, 108, 104, 2, 33, 13, 57] ,signature: [1, 1, 0, 0, 0, 0, 0, 0, 1, 1, 0, 1, 1, 0, 1, 0, 1] ),Support: 181
Class: 7.0 , Rule:(neurons: [65, 91, 82, 84, 71, 55, 17, 16, 51, 10, 104, 36, 75, 57] ,signature: [1, 1, 0, 0, 0, 0, 0, 0, 1, 0, 1, 0, 1, 1] ),Support: 169
Class: 7.0 , Rule:(neurons: [65, 91, 82, 84, 71, 55, 17, 127, 36] ,signature: [1, 1, 0, 0, 0, 0, 1, 0, 0] ),Support: 143
Class: 7.0 , Rule:(neurons: [65, 91, 82, 84, 71, 55, 17, 16, 51, 10, 25, 108, 104, 2, 33, 13, 38, 64] ,signature: [1, 1, 0, 0, 0, 0, 0, 0, 1, 1, 0, 1, 1, 0, 1, 1, 1, 0] ),Support: 118
Class: 7.0 , Rule:(neurons: [65, 91, 82, 84, 71, 108, 17, 119, 104, 57, 9, 55, 77, 38] ,signature: [1, 1, 0, 0, 1, 1, 0, 1, 1, 1, 0, 0, 1, 0] ),Support: 98
Class: 7.0 , Rule:(neurons: [65, 91, 82, 84, 71, 55, 17, 16, 51, 10, 25, 108, 104, 2, 33, 13, 38, 121, 8, 15] ,signature: [1, 1, 0, 0, 0, 0, 0, 0, 1, 1, 0, 1, 1, 0, 1, 1, 0, 0, 1, 0] ),Support: 93
Class: 7.0 , Rule:(neurons: [65, 91, 82, 84, 71, 55, 17, 16, 51, 10, 25, 94, 104] ,signature: [1, 1, 0, 0, 0, 0, 0, 0, 1, 1, 1, 1, 1] ),Support: 86
Class: 7.0 , Rule:(neurons: [65, 91, 62, 4, 106, 1, 16, 104, 55, 76, 97, 84, 77, 26, 102, 69, 9, 117] ,signature: [1, 0, 0, 0, 1, 1, 0, 1, 0, 0, 1, 0, 0, 0, 1, 0, 0, 1] ),Support: 84
Class: 7.0 , Rule:(neurons: [65, 91, 82, 84, 71, 55, 17, 16, 127, 44, 35, 52] ,signature: [1, 1, 0, 0, 0, 0, 0, 1, 0, 1, 1, 1] ),Support: 77
Class: 7.0 , Rule:(neurons: [65, 91, 82, 63, 127, 86, 108, 99, 94, 2, 44, 93, 16, 92, 38, 33, 8, 3] ,signature: [1, 1, 1, 1, 0, 1, 1, 0, 1, 0, 1, 1, 0, 1, 1, 1, 1, 0] ),Support: 61
Class: 7.0 , Rule:(neurons: [65, 91, 62, 4, 25, 97, 110, 77, 104, 93, 11, 55, 67, 117] ,signature: [1, 0, 0, 1, 1, 1, 1, 1, 1, 1, 0, 0, 0, 1] ),Support: 59
Class: 7.0 , Rule:(neurons: [65, 91, 62, 25, 19, 79, 1, 115, 94, 26, 29, 49] ,signature: [1, 0, 1, 1, 0, 0, 1, 0, 1, 0, 0, 0] ),Support: 55
Class: 7.0 , Rule:(neurons: [65, 91, 82, 63, 127, 86, 108, 99, 94, 14, 76, 100, 19, 52] ,signature: [1, 1, 1, 1, 0, 1, 1, 0, 0, 1, 0, 1, 0, 1] ),Support: 50
Class: 7.0 , Rule:(neurons: [65, 91, 82, 63, 127, 86, 108, 99, 94, 2, 44, 93, 16, 74, 84, 126, 36, 124] ,signature: [1, 1, 1, 1, 0, 1, 1, 0, 1, 0, 1, 1, 1, 0, 0, 1, 0, 0] ),Support: 50
Class: 7.0 , Rule:(neurons: [65, 91, 82, 84, 71, 55, 17, 16, 51, 10, 25, 108, 104, 92, 73, 26, 38, 98] ,signature: [1, 1, 0, 0, 0, 0, 0, 0, 1, 1, 0, 1, 0, 1, 1, 1, 0, 0] ),Support: 41
Class: 7.0 , Rule:(neurons: [65, 91, 82, 63, 127, 25, 62, 94, 71, 121, 113, 55, 16, 83, 33, 22] ,signature: [1, 1, 1, 1, 1, 0, 1, 1, 0, 1, 0, 0, 0, 1, 1, 1] ),Support: 41
Class: 7.0 , Rule:(neurons: [65, 91, 82, 84, 71, 108, 17, 119, 104, 57, 9, 55, 77, 26, 96, 38, 48] ,signature: [1, 1, 0, 0, 1, 1, 0, 1, 1, 1, 0, 0, 0, 0, 1, 0, 1] ),Support: 35
Class: 7.0 , Rule:(neurons: [65, 91, 62, 4, 25, 29, 36, 1, 104, 99, 74, 127, 93] ,signature: [1, 0, 0, 1, 0, 0, 0, 1, 1, 0, 0, 0, 1] ),Support: 33
Class: 7.0 , Rule:(neurons: [65, 91, 62, 25, 1, 94, 97, 36, 26, 4, 45, 52] ,signature: [1, 0, 1, 0, 1, 1, 1, 1, 0, 0, 1, 1] ),Support: 33
Class: 7.0 , Rule:(neurons: [65, 91, 82, 84, 71, 55, 17, 16, 51, 10, 25, 108, 104, 2, 33, 7] ,signature: [1, 1, 0, 0, 0, 0, 0, 0, 1, 1, 0, 1, 1, 0, 0, 1] ),Support: 32
Class: 7.0 , Rule:(neurons: [65, 91, 62, 4, 106, 1, 16, 85, 84, 47, 104, 97, 38] ,signature: [1, 0, 0, 0, 1, 1, 1, 0, 0, 0, 1, 1, 0] ),Support: 30
Class: 7.0 , Rule:(neurons: [65, 91, 82, 84, 71, 55, 17, 127, 97, 94, 52, 3] ,signature: [1, 1, 0, 0, 0, 0, 1, 1, 1, 1, 1, 0] ),Support: 29
Class: 7.0 , Rule:(neurons: [65, 91, 82, 63, 127, 86, 108, 99, 94, 2, 44, 93, 16, 92, 38, 83, 98, 71, 3] ,signature: [1, 1, 1, 1, 0, 1, 1, 0, 1, 0, 1, 1, 0, 1, 0, 1, 0, 1, 0] ),Support: 28
Class: 7.0 , Rule:(neurons: [65, 91, 82, 84, 71, 55, 17, 16, 51, 10, 25, 108, 104, 2, 14] ,signature: [1, 1, 0, 0, 0, 0, 0, 0, 1, 1, 0, 1, 1, 1, 0] ),Support: 26
Class: 7.0 , Rule:(neurons: [65, 91, 82, 63, 127, 86, 108, 99, 94, 2, 44, 93, 16, 92, 38, 83, 98, 71, 102, 117] ,signature: [1, 1, 1, 1, 0, 1, 1, 0, 1, 0, 1, 1, 0, 1, 0, 1, 0, 0, 1, 1] ),Support: 24
Class: 7.0 , Rule:(neurons: [65, 91, 82, 63, 127, 25, 62, 94, 71, 121, 113, 54, 118, 76] ,signature: [1, 1, 1, 1, 1, 0, 1, 1, 0, 1, 1, 0, 1, 0] ),Support: 24
Class: 7.0 , Rule:(neurons: [65, 91, 82, 84, 71, 108, 17, 26, 52, 86, 127, 75, 0, 96] ,signature: [1, 1, 0, 0, 1, 1, 1, 0, 1, 1, 0, 1, 0, 1] ),Support: 23
Class: 7.0 , Rule:(neurons: [65, 91, 82, 84, 71, 55, 17, 16, 51, 10, 104, 36, 75, 57, 24] ,signature: [1, 1, 0, 0, 0, 0, 0, 0, 1, 0, 1, 0, 1, 0, 0] ),Support: 21
Class: 7.0 , Rule:(neurons: [65, 91, 82, 84, 71, 55, 17, 16, 127, 44, 35, 52, 124, 33] ,signature: [1, 1, 0, 0, 0, 0, 0, 1, 0, 1, 1, 0, 1, 1] ),Support: 21
Class: 7.0 , Rule:(neurons: [65, 91, 82, 63, 127, 25, 1, 97, 11, 71, 0] ,signature: [1, 1, 1, 1, 1, 1, 1, 1, 0, 0, 0] ),Support: 18
Class: 7.0 , Rule:(neurons: [65, 91, 62, 4, 106, 1, 16, 104, 55, 76, 97, 84, 77, 11, 47] ,signature: [1, 0, 0, 0, 1, 1, 0, 1, 0, 0, 1, 0, 1, 1, 0] ),Support: 17
Class: 7.0 , Rule:(neurons: [65, 91, 62, 4, 25, 97, 110, 51, 2, 26, 104, 32, 84, 61, 47] ,signature: [1, 0, 0, 1, 1, 1, 0, 0, 1, 0, 1, 0, 0, 0, 0] ),Support: 17
Class: 7.0 , Rule:(neurons: [65, 91, 62, 25, 1, 94, 97, 36, 104, 16, 22, 54] ,signature: [1, 0, 1, 0, 1, 1, 1, 0, 1, 0, 1, 0] ),Support: 17
Class: 7.0 , Rule:(neurons: [65, 91, 82, 84, 71, 55, 17, 16, 51, 10, 104, 92, 113] ,signature: [1, 1, 0, 0, 0, 0, 0, 0, 1, 0, 0, 1, 0] ),Support: 17
Class: 7.0 , Rule:(neurons: [65, 91, 82, 84, 71, 108, 17, 119, 104, 26, 2, 24] ,signature: [1, 1, 0, 0, 1, 1, 0, 1, 0, 0, 0, 1] ),Support: 17
Class: 7.0 , Rule:(neurons: [65, 22, 28, 17, 96, 118, 0, 82, 91, 45, 44, 117, 29, 66] ,signature: [0, 0, 0, 0, 1, 0, 0, 0, 1, 1, 1, 1, 1, 1] ),Support: 16
Class: 7.0 , Rule:(neurons: [65, 91, 82, 63, 127, 86, 108, 99, 94, 14, 26, 73] ,signature: [1, 1, 1, 1, 0, 1, 1, 0, 0, 0, 0, 1] ),Support: 16
Class: 7.0 , Rule:(neurons: [65, 91, 82, 63, 127, 86, 108, 99, 94, 2, 44, 93, 16, 92, 38, 83, 80] ,signature: [1, 1, 1, 1, 0, 1, 1, 0, 1, 0, 1, 1, 0, 1, 0, 0, 1] ),Support: 16
Class: 7.0 , Rule:(neurons: [65, 91, 82, 84, 71, 55, 17, 16, 51, 10, 25, 108, 104, 2, 33, 13, 38, 121, 8, 15, 47] ,signature: [1, 1, 0, 0, 0, 0, 0, 0, 1, 1, 0, 1, 1, 0, 1, 1, 0, 0, 1, 1, 0] ),Support: 15
Class: 7.0 , Rule:(neurons: [65, 22, 28, 17, 96, 118, 62, 104, 35, 45, 81, 33, 73, 117] ,signature: [0, 0, 0, 0, 1, 1, 1, 1, 1, 1, 0, 1, 1, 1] ),Support: 14
Class: 7.0 , Rule:(neurons: [65, 91, 62, 4, 25, 97, 110, 77, 104, 93, 11, 55, 67, 114] ,signature: [1, 0, 0, 1, 1, 1, 1, 1, 1, 1, 0, 0, 1, 0] ),Support: 14
Class: 7.0 , Rule:(neurons: [65, 91, 82, 84, 71, 108, 17, 119, 104, 57, 9, 55, 77, 38, 29] ,signature: [1, 1, 0, 0, 1, 1, 0, 1, 1, 1, 0, 0, 1, 1, 0] ),Support: 14
Class: 7.0 , Rule:(neurons: [65, 91, 82, 63, 127, 86, 108, 99, 94, 2, 44, 93, 16, 92, 38, 83, 98, 33] ,signature: [1, 1, 1, 1, 0, 1, 1, 0, 1, 0, 1, 1, 0, 1, 0, 1, 1, 1] ),Support: 14
Class: 7.0 , Rule:(neurons: [65, 91, 82, 84, 71, 108, 17, 119, 104, 57, 9, 55, 77, 26, 96, 38, 48, 74] ,signature: [1, 1, 0, 0, 1, 1, 0, 1, 1, 1, 0, 0, 0, 0, 1, 0, 0, 0] ),Support: 13
Class: 7.0 , Rule:(neurons: [65, 91, 62, 4, 106, 1, 16, 85, 82, 97, 21, 30, 127, 114] ,signature: [1, 0, 0, 0, 1, 1, 1, 1, 0, 1, 0, 1, 0, 0] ),Support: 12
Class: 7.0 , Rule:(neurons: [65, 91, 82, 84, 71, 55, 17, 127, 97, 14, 11] ,signature: [1, 1, 0, 0, 0, 0, 1, 1, 0, 1, 0] ),Support: 12
Class: 7.0 , Rule:(neurons: [65, 91, 82, 84, 71, 108, 1, 61] ,signature: [1, 1, 0, 0, 1, 0, 1, 0] ),Support: 12
Class: 7.0 , Rule:(neurons: [65, 91, 62, 25, 1, 94, 63, 45, 2, 61, 73] ,signature: [1, 0, 1, 0, 0, 0, 1, 1, 0, 1, 1] ),Support: 11
Class: 7.0 , Rule:(neurons: [65, 91, 62, 25, 1, 94, 104, 108, 97, 102, 113, 7] ,signature: [1, 0, 1, 0, 0, 1, 1, 1, 1, 1, 0, 1] ),Support: 11
Class: 7.0 , Rule:(neurons: [65, 91, 82, 84, 71, 55, 17, 16, 51, 10, 25, 108, 104, 92, 73, 26, 38, 98, 126] ,signature: [1, 1, 0, 0, 0, 0, 0, 0, 1, 1, 0, 1, 0, 1, 1, 1, 0, 1, 1] ),Support: 11
Class: 7.0 , Rule:(neurons: [65, 91, 82, 63, 127, 25, 62, 94, 71, 121, 113, 54, 104, 4, 57] ,signature: [1, 1, 1, 1, 1, 0, 1, 1, 0, 1, 1, 1, 1, 0, 1] ),Support: 11
Class: 7.0 , Rule:(neurons: [65, 91, 82, 84, 71, 108, 17, 119, 104, 57, 9, 55, 77, 26, 96, 38, 48, 74, 81] ,signature: [1, 1, 0, 0, 1, 1, 0, 1, 1, 1, 0, 0, 0, 0, 1, 0, 0, 1, 0] ),Support: 10
Class: 7.0 , Rule:(neurons: [65, 91, 82, 63, 28, 5, 78, 57, 73] ,signature: [1, 1, 1, 0, 0, 0, 0, 1, 1] ),Support: 10
Class: 7.0 , Rule:(neurons: [65, 91, 82, 63, 127, 86, 108, 99, 94, 2, 44, 93, 16, 92, 38, 33, 8, 3, 71] ,signature: [1, 1, 1, 1, 0, 1, 1, 0, 1, 0, 1, 1, 0, 1, 1, 1, 1, 1, 0] ),Support: 10
Class: 7.0 , Rule:(neurons: [65, 91, 82, 63, 127, 86, 108, 99, 94, 2, 44, 93, 16, 74, 84, 126, 36, 124, 13, 116] ,signature: [1, 1, 1, 1, 0, 1, 1, 0, 1, 0, 1, 1, 1, 0, 0, 1, 0, 1, 1, 1] ),Support: 10
Class: 7.0 , Rule:(neurons: [65, 91, 82, 63, 127, 25, 62, 94, 71, 121, 113, 55, 16, 83, 33, 22, 126, 4, 80] ,signature: [1, 1, 1, 1, 1, 0, 1, 1, 0, 1, 0, 0, 0, 1, 1, 0, 1, 0, 0] ),Support: 10
Class: 7.0 , Rule:(neurons: [65, 91, 82, 63, 127, 25, 1, 14, 17, 28] ,signature: [1, 1, 1, 1, 1, 1, 0, 1, 0, 0] ),Support: 10
Class: 7.0 , Rule:(neurons: [65, 91, 62, 25, 19, 73, 4, 102, 99, 61, 80, 26] ,signature: [1, 0, 1, 1, 1, 1, 0, 1, 0, 1, 1, 0] ),Support: 9
Class: 7.0 , Rule:(neurons: [65, 91, 82, 84, 71, 55, 17, 16, 51, 10, 104, 36, 113] ,signature: [1, 1, 0, 0, 0, 0, 0, 0, 1, 0, 1, 1, 0] ),Support: 9
Class: 7.0 , Rule:(neurons: [65, 91, 82, 84, 71, 55, 17, 16, 51, 10, 25, 108, 104, 2, 33, 7, 101] ,signature: [1, 1, 0, 0, 0, 0, 0, 0, 1, 1, 0, 1, 1, 0, 0, 0, 0] ),Support: 9
Class: 7.0 , Rule:(neurons: [65, 91, 62, 25, 19, 79, 21, 127, 126, 9, 51] ,signature: [1, 0, 1, 1, 0, 1, 1, 0, 1, 0, 1] ),Support: 8
Class: 7.0 , Rule:(neurons: [65, 91, 82, 84, 71, 55, 17, 16, 51, 10, 25, 108, 104, 92, 73, 26, 38, 122] ,signature: [1, 1, 0, 0, 0, 0, 0, 0, 1, 1, 0, 1, 0, 1, 1, 1, 1, 0] ),Support: 8
Class: 7.0 , Rule:(neurons: [65, 91, 82, 84, 71, 55, 17, 16, 51, 10, 25, 108, 104, 2, 33, 13, 38, 121, 8, 15, 47, 48] ,signature: [1, 1, 0, 0, 0, 0, 0, 0, 1, 1, 0, 1, 1, 0, 1, 1, 0, 0, 1, 1, 1, 1] ),Support: 8
Class: 7.0 , Rule:(neurons: [65, 91, 82, 84, 71, 55, 17, 16, 127, 44, 35, 57] ,signature: [1, 1, 0, 0, 0, 0, 0, 1, 0, 1, 0, 1] ),Support: 8
Class: 7.0 , Rule:(neurons: [65, 91, 62, 4, 106, 1, 16, 104, 54, 36] ,signature: [1, 0, 0, 0, 1, 1, 0, 0, 0, 0] ),Support: 7
Class: 7.0 , Rule:(neurons: [65, 91, 62, 25, 1, 94, 97, 36, 104, 16, 127] ,signature: [1, 0, 1, 0, 1, 1, 1, 0, 1, 1, 0] ),Support: 7
Class: 7.0 , Rule:(neurons: [65, 91, 62, 25, 19, 79, 1, 115, 94, 80, 24, 78] ,signature: [1, 0, 1, 1, 0, 0, 1, 0, 0, 0, 0, 0] ),Support: 7
Class: 7.0 , Rule:(neurons: [65, 91, 82, 84, 71, 55, 10, 26, 80, 0, 63] ,signature: [1, 1, 0, 0, 0, 1, 1, 0, 0, 0, 1] ),Support: 7
Class: 7.0 , Rule:(neurons: [65, 91, 82, 63, 127, 86, 108, 99, 94, 14, 26, 97, 121, 69] ,signature: [1, 1, 1, 1, 0, 1, 1, 0, 0, 0, 1, 1, 1, 1] ),Support: 7
Class: 7.0 , Rule:(neurons: [65, 91, 82, 63, 127, 86, 108, 99, 94, 2, 44, 93, 16, 92, 38, 33, 104, 71] ,signature: [1, 1, 1, 1, 0, 1, 1, 0, 1, 0, 1, 1, 0, 1, 1, 0, 1, 0] ),Support: 7
Class: 7.0 , Rule:(neurons: [65, 91, 82, 63, 127, 86, 108, 99, 94, 2, 44, 93, 16, 92, 38, 33, 8, 116] ,signature: [1, 1, 1, 1, 0, 1, 1, 0, 1, 0, 1, 1, 0, 1, 1, 1, 0, 0] ),Support: 7
Class: 7.0 , Rule:(neurons: [65, 91, 82, 63, 127, 86, 108, 99, 94, 2, 44, 93, 16, 74, 8, 14] ,signature: [1, 1, 1, 1, 0, 1, 1, 0, 1, 0, 1, 1, 1, 1, 0, 1] ),Support: 7
Class: 7.0 , Rule:(neurons: [65, 91, 62, 4, 106, 1, 16, 104, 55, 76, 97, 25] ,signature: [1, 0, 0, 0, 1, 1, 0, 1, 0, 0, 0, 1] ),Support: 6
Class: 7.0 , Rule:(neurons: [65, 91, 62, 4, 106, 1, 16, 104, 55, 76, 97, 84, 77, 26, 102, 114, 45] ,signature: [1, 0, 0, 0, 1, 1, 0, 1, 0, 0, 1, 0, 0, 0, 0, 0, 1] ),Support: 6
Class: 7.0 , Rule:(neurons: [65, 91, 62, 4, 106, 1, 16, 104, 55, 76, 97, 84, 77, 26, 102, 69, 9, 124, 28] ,signature: [1, 0, 0, 0, 1, 1, 0, 1, 0, 0, 1, 0, 0, 0, 1, 0, 1, 1, 1] ),Support: 6
Class: 7.0 , Rule:(neurons: [65, 91, 62, 4, 25, 97, 110, 77, 104, 93, 11, 74, 49] ,signature: [1, 0, 0, 1, 1, 1, 1, 1, 1, 1, 1, 0, 0] ),Support: 6
Class: 7.0 , Rule:(neurons: [65, 91, 62, 25, 19, 79, 1, 51, 88, 15, 86, 26, 16, 122, 93] ,signature: [1, 0, 1, 1, 0, 0, 0, 1, 1, 1, 1, 0, 0, 1, 1] ),Support: 6
Class: 7.0 , Rule:(neurons: [65, 91, 62, 25, 19, 79, 1, 115, 116, 114, 102] ,signature: [1, 0, 1, 1, 0, 0, 1, 1, 1, 0, 1] ),Support: 6
Class: 7.0 , Rule:(neurons: [65, 91, 62, 25, 19, 79, 1, 115, 116, 114, 84, 110, 85, 29] ,signature: [1, 0, 1, 1, 0, 0, 1, 1, 1, 1, 0, 1, 0, 0] ),Support: 6
Class: 7.0 , Rule:(neurons: [65, 91, 82, 84, 71, 55, 17, 16, 51, 10, 25, 108, 104, 92, 73, 26, 38, 98, 126, 48] ,signature: [1, 1, 0, 0, 0, 0, 0, 0, 1, 1, 0, 1, 0, 1, 1, 1, 0, 1, 0, 0] ),Support: 6
Class: 7.0 , Rule:(neurons: [65, 91, 82, 84, 71, 55, 17, 16, 51, 10, 25, 94, 5] ,signature: [1, 1, 0, 0, 0, 0, 0, 0, 1, 1, 1, 0, 0] ),Support: 6
Class: 7.0 , Rule:(neurons: [65, 91, 82, 63, 127, 86, 108, 99, 94, 14, 76, 100, 19, 52, 113, 3, 7] ,signature: [1, 1, 1, 1, 0, 1, 1, 0, 0, 1, 0, 1, 0, 0, 0, 0, 0] ),Support: 6
Class: 7.0 , Rule:(neurons: [65, 91, 62, 4, 106, 1, 16, 85, 82, 97, 86, 77, 9, 89] ,signature: [1, 0, 0, 0, 1, 1, 1, 1, 1, 1, 1, 1, 0, 1] ),Support: 5
Class: 7.0 , Rule:(neurons: [65, 91, 62, 4, 25, 97, 110, 51, 79, 115, 16, 104] ,signature: [1, 0, 0, 1, 1, 1, 0, 1, 0, 0, 0, 1] ),Support: 5
Class: 7.0 , Rule:(neurons: [65, 91, 62, 4, 25, 97, 110, 77, 104, 93, 11, 55, 67, 117, 26] ,signature: [1, 0, 0, 1, 1, 1, 1, 1, 1, 1, 0, 0, 0, 0, 0] ),Support: 5
Class: 7.0 , Rule:(neurons: [65, 91, 62, 25, 1, 94, 2, 78, 7, 108] ,signature: [1, 0, 1, 0, 1, 0, 0, 0, 0, 1] ),Support: 5
Class: 7.0 , Rule:(neurons: [65, 91, 62, 25, 1, 94, 2, 108, 26] ,signature: [1, 0, 1, 0, 1, 0, 1, 1, 0] ),Support: 5
Class: 7.0 , Rule:(neurons: [65, 91, 62, 25, 19, 79, 21, 4, 5, 114, 94, 109] ,signature: [1, 0, 1, 1, 0, 1, 0, 0, 1, 0, 1, 1] ),Support: 5
Class: 7.0 , Rule:(neurons: [65, 91, 82, 84, 71, 55, 17, 16, 51, 10, 25, 94, 104, 69] ,signature: [1, 1, 0, 0, 0, 0, 0, 0, 1, 1, 1, 1, 0, 1] ),Support: 5
Class: 7.0 , Rule:(neurons: [65, 91, 82, 84, 71, 108, 17, 26, 52, 86, 127, 40, 104] ,signature: [1, 1, 0, 0, 1, 1, 1, 0, 1, 1, 1, 1, 0] ),Support: 5
Class: 7.0 , Rule:(neurons: [65, 91, 82, 63, 28, 5, 78, 27, 86, 25, 64] ,signature: [1, 1, 1, 0, 0, 0, 1, 0, 1, 1, 0] ),Support: 5
Class: 7.0 , Rule:(neurons: [65, 91, 82, 63, 127, 86, 108, 99, 94, 14, 26, 97, 124, 77, 113, 68, 55, 67] ,signature: [1, 1, 1, 1, 0, 1, 1, 0, 0, 0, 1, 0, 1, 1, 0, 0, 0, 0] ),Support: 5
Class: 7.0 , Rule:(neurons: [65, 91, 82, 63, 127, 25, 62, 94, 71, 26, 1, 114] ,signature: [1, 1, 1, 1, 1, 0, 1, 1, 1, 0, 1, 0] ),Support: 5
Class: 7.0 , Rule:(neurons: [65, 91, 82, 63, 127, 25, 62, 94, 71, 26, 45, 24, 1, 92, 116] ,signature: [1, 1, 1, 1, 1, 0, 1, 1, 1, 1, 1, 0, 1, 1, 1] ),Support: 5
Class: 7.0 , Rule:(neurons: [65, 91, 62, 4, 106, 1, 49, 79, 55, 9, 73] ,signature: [1, 0, 0, 0, 1, 0, 0, 0, 0, 1, 1] ),Support: 4
Class: 7.0 , Rule:(neurons: [65, 91, 62, 4, 106, 1, 16, 104, 55, 76, 97, 84, 77, 26, 102, 69, 9, 117, 19] ,signature: [1, 0, 0, 0, 1, 1, 0, 1, 0, 0, 1, 0, 0, 0, 1, 0, 0, 0, 1] ),Support: 4
Class: 7.0 , Rule:(neurons: [65, 91, 62, 4, 25, 97, 110, 77, 104, 93, 11, 55, 17] ,signature: [1, 0, 0, 1, 1, 1, 1, 1, 1, 1, 0, 1, 1] ),Support: 4
Class: 7.0 , Rule:(neurons: [65, 91, 62, 25, 19, 79, 1, 115, 94, 26, 127, 38] ,signature: [1, 0, 1, 1, 0, 0, 1, 0, 1, 1, 0, 0] ),Support: 4
Class: 7.0 , Rule:(neurons: [65, 91, 62, 25, 19, 73, 7, 4, 83, 1, 26] ,signature: [1, 0, 1, 1, 1, 0, 0, 0, 0, 1, 0] ),Support: 4
Class: 7.0 , Rule:(neurons: [65, 91, 62, 25, 19, 73, 4, 98, 38, 92] ,signature: [1, 0, 1, 1, 1, 1, 1, 0, 0, 1] ),Support: 4
Class: 7.0 , Rule:(neurons: [65, 91, 82, 84, 71, 55, 17, 16, 51, 10, 25, 108, 127] ,signature: [1, 1, 0, 0, 0, 0, 0, 0, 1, 1, 0, 0, 0] ),Support: 4
Class: 7.0 , Rule:(neurons: [65, 91, 82, 84, 71, 108, 17, 119, 104, 26, 2, 24, 36] ,signature: [1, 1, 0, 0, 1, 1, 0, 1, 0, 0, 0, 0, 1] ),Support: 4
Class: 7.0 , Rule:(neurons: [65, 91, 82, 63, 28, 5, 78, 27, 77, 48] ,signature: [1, 1, 1, 0, 0, 0, 1, 1, 0, 1] ),Support: 4
Class: 7.0 , Rule:(neurons: [65, 91, 82, 63, 28, 61, 73, 43, 114] ,signature: [1, 1, 1, 0, 1, 1, 1, 1, 0] ),Support: 4
Class: 7.0 , Rule:(neurons: [65, 91, 82, 63, 127, 86, 108, 99, 94, 14, 26, 73, 48] ,signature: [1, 1, 1, 1, 0, 1, 1, 0, 0, 0, 0, 0, 1] ),Support: 4
Class: 7.0 , Rule:(neurons: [65, 91, 82, 63, 127, 86, 108, 99, 94, 2, 44, 93, 16, 92, 38, 83, 98, 33, 67] ,signature: [1, 1, 1, 1, 0, 1, 1, 0, 1, 0, 1, 1, 0, 1, 0, 1, 1, 0, 1] ),Support: 4
Class: 7.0 , Rule:(neurons: [65, 91, 82, 63, 127, 25, 62, 94, 71, 121, 116, 13, 29] ,signature: [1, 1, 1, 1, 1, 0, 1, 1, 0, 0, 1, 1, 0] ),Support: 4
Class: 7.0 , Rule:(neurons: [65, 22, 28, 17, 96, 118, 0, 82, 77, 110, 29, 117, 48] ,signature: [0, 0, 0, 0, 1, 0, 0, 1, 0, 1, 1, 0, 1] ),Support: 3
Class: 7.0 , Rule:(neurons: [65, 22, 28, 17, 14, 48, 45, 4, 61, 84, 127, 16] ,signature: [0, 0, 0, 1, 0, 1, 1, 0, 0, 0, 0, 0] ),Support: 3
Class: 7.0 , Rule:(neurons: [65, 22, 61, 92, 47, 108, 8, 28, 73, 3, 76, 16] ,signature: [0, 1, 1, 1, 1, 1, 0, 0, 1, 0, 0, 0] ),Support: 3
Class: 7.0 , Rule:(neurons: [65, 91, 62, 4, 106, 19, 20, 97, 86, 79] ,signature: [1, 0, 0, 0, 0, 0, 1, 1, 1, 0] ),Support: 3
Class: 7.0 , Rule:(neurons: [65, 91, 62, 4, 106, 1, 49, 79, 55, 9, 42, 96, 51, 71, 21] ,signature: [1, 0, 0, 0, 1, 0, 0, 0, 0, 0, 0, 1, 1, 0, 0] ),Support: 3
Class: 7.0 , Rule:(neurons: [65, 91, 62, 4, 25, 29, 108, 49, 123, 97] ,signature: [1, 0, 0, 1, 0, 1, 1, 0, 1, 1] ),Support: 3
Class: 7.0 , Rule:(neurons: [65, 91, 62, 4, 25, 97, 110, 51, 2, 48, 30, 66, 55, 10] ,signature: [1, 0, 0, 1, 1, 1, 0, 0, 0, 0, 1, 0, 0, 1] ),Support: 3
Class: 7.0 , Rule:(neurons: [65, 91, 62, 4, 25, 97, 110, 51, 2, 26, 104, 32, 117] ,signature: [1, 0, 0, 1, 1, 1, 0, 0, 1, 0, 1, 1, 0] ),Support: 3
Class: 7.0 , Rule:(neurons: [65, 91, 62, 4, 25, 97, 110, 77, 104, 109, 127] ,signature: [1, 0, 0, 1, 1, 1, 1, 1, 0, 1, 0] ),Support: 3
Class: 7.0 , Rule:(neurons: [65, 91, 62, 25, 1, 94, 97, 7] ,signature: [1, 0, 1, 0, 1, 1, 0, 0] ),Support: 3
Class: 7.0 , Rule:(neurons: [65, 91, 62, 25, 1, 94, 97, 36, 104, 16, 22, 54, 71] ,signature: [1, 0, 1, 0, 1, 1, 1, 0, 1, 0, 1, 1, 1] ),Support: 3
Class: 7.0 , Rule:(neurons: [65, 91, 62, 25, 1, 94, 97, 36, 26, 4, 45, 52, 10] ,signature: [1, 0, 1, 0, 1, 1, 1, 1, 0, 0, 1, 0, 1] ),Support: 3
Class: 7.0 , Rule:(neurons: [65, 91, 62, 25, 19, 79, 1, 51, 88, 15, 55, 64, 98] ,signature: [1, 0, 1, 1, 0, 0, 0, 1, 1, 0, 0, 1, 1] ),Support: 3
Class: 7.0 , Rule:(neurons: [65, 91, 62, 25, 19, 79, 21, 127, 102, 67, 7] ,signature: [1, 0, 1, 1, 0, 1, 1, 1, 0, 1, 1] ),Support: 3
Class: 7.0 , Rule:(neurons: [65, 91, 82, 84, 71, 55, 17, 16, 51, 10, 104, 36, 75, 119] ,signature: [1, 1, 0, 0, 0, 0, 0, 0, 1, 0, 1, 0, 0, 1] ),Support: 3
Class: 7.0 , Rule:(neurons: [65, 91, 82, 84, 71, 55, 17, 16, 51, 10, 25, 108, 104, 92, 73, 66] ,signature: [1, 1, 0, 0, 0, 0, 0, 0, 1, 1, 0, 1, 0, 1, 0, 1] ),Support: 3
Class: 7.0 , Rule:(neurons: [65, 91, 82, 84, 71, 108, 1, 20, 100, 104] ,signature: [1, 1, 0, 0, 1, 0, 0, 1, 0, 1] ),Support: 3
Class: 7.0 , Rule:(neurons: [65, 91, 82, 84, 71, 108, 17, 119, 104, 26, 2, 24, 36, 83, 38] ,signature: [1, 1, 0, 0, 1, 1, 0, 1, 0, 0, 0, 0, 0, 1, 0] ),Support: 3
Class: 7.0 , Rule:(neurons: [65, 91, 82, 84, 71, 108, 17, 119, 104, 26, 127, 73] ,signature: [1, 1, 0, 0, 1, 1, 0, 1, 0, 1, 0, 1] ),Support: 3
Class: 7.0 , Rule:(neurons: [65, 91, 82, 84, 71, 108, 17, 119, 104, 57, 24] ,signature: [1, 1, 0, 0, 1, 1, 0, 1, 1, 0, 0] ),Support: 3
Class: 7.0 , Rule:(neurons: [65, 91, 82, 63, 28, 5, 78, 27, 77, 0, 67, 42] ,signature: [1, 1, 1, 0, 0, 0, 1, 1, 1, 0, 1, 1] ),Support: 3
Class: 7.0 , Rule:(neurons: [65, 91, 82, 63, 127, 86, 62, 113, 28] ,signature: [1, 1, 1, 1, 0, 0, 0, 0, 0] ),Support: 3
Class: 7.0 , Rule:(neurons: [65, 91, 82, 63, 127, 86, 108, 14, 16, 97] ,signature: [1, 1, 1, 1, 0, 1, 0, 0, 0, 1] ),Support: 3
Class: 7.0 , Rule:(neurons: [65, 91, 82, 63, 127, 86, 108, 99, 94, 2, 44, 126, 49] ,signature: [1, 1, 1, 1, 0, 1, 1, 0, 1, 0, 0, 1, 0] ),Support: 3
Class: 7.0 , Rule:(neurons: [65, 91, 82, 63, 127, 86, 108, 99, 94, 2, 44, 93, 16, 92, 26] ,signature: [1, 1, 1, 1, 0, 1, 1, 0, 1, 0, 1, 1, 0, 0, 0] ),Support: 3
Class: 7.0 , Rule:(neurons: [65, 91, 82, 63, 127, 25, 62, 94, 47, 43, 57] ,signature: [1, 1, 1, 1, 1, 0, 1, 0, 0, 0, 1] ),Support: 3
Class: 7.0 , Rule:(neurons: [65, 91, 82, 63, 127, 25, 1, 14, 79, 61, 100] ,signature: [1, 1, 1, 1, 1, 1, 0, 0, 0, 1, 1] ),Support: 3
Class: 7.0 , Rule:(neurons: [65, 22, 28, 17, 96, 118, 0, 14, 63, 10, 91, 20, 62, 24, 44, 7, 114] ,signature: [0, 0, 0, 0, 1, 0, 1, 1, 1, 0, 1, 1, 1, 1, 1, 1, 0] ),Support: 2
Class: 7.0 , Rule:(neurons: [65, 22, 28, 17, 96, 118, 0, 14, 63, 10, 45, 113, 40] ,signature: [0, 0, 0, 0, 1, 0, 1, 1, 1, 1, 1, 0, 1] ),Support: 2
Class: 7.0 , Rule:(neurons: [65, 22, 28, 17, 96, 118, 62, 104, 122, 20, 91, 36, 126, 52, 92] ,signature: [0, 0, 0, 0, 1, 1, 1, 0, 0, 1, 1, 0, 0, 1, 1] ),Support: 2
Class: 7.0 , Rule:(neurons: [65, 22, 28, 17, 96, 118, 62, 104, 122, 20, 91, 36, 126, 8, 81] ,signature: [0, 0, 0, 0, 1, 1, 1, 0, 0, 1, 1, 0, 1, 1, 0] ),Support: 2
Class: 7.0 , Rule:(neurons: [65, 22, 28, 17, 96, 118, 62, 104, 122, 106, 69, 47] ,signature: [0, 0, 0, 0, 1, 1, 1, 0, 1, 1, 1, 1] ),Support: 2
Class: 7.0 , Rule:(neurons: [65, 22, 28, 17, 96, 118, 62, 104, 35, 45, 13, 26, 52, 66] ,signature: [0, 0, 0, 0, 1, 1, 1, 1, 1, 0, 1, 0, 1, 1] ),Support: 2
Class: 7.0 , Rule:(neurons: [65, 22, 28, 17, 96, 118, 62, 104, 35, 45, 81, 33, 73, 4] ,signature: [0, 0, 0, 0, 1, 1, 1, 1, 1, 1, 0, 1, 0, 0] ),Support: 2
Class: 7.0 , Rule:(neurons: [65, 22, 28, 17, 14, 29, 10, 106, 91, 62, 48, 124] ,signature: [0, 0, 0, 1, 1, 1, 0, 1, 1, 1, 1, 1] ),Support: 2
Class: 7.0 , Rule:(neurons: [65, 22, 61, 26, 67, 68, 28, 83, 40] ,signature: [0, 1, 0, 0, 0, 0, 0, 1, 1] ),Support: 2
Class: 7.0 , Rule:(neurons: [65, 22, 61, 26, 94, 1, 118, 57, 74, 35, 97] ,signature: [0, 1, 0, 1, 1, 0, 1, 1, 0, 1, 1] ),Support: 2
Class: 7.0 , Rule:(neurons: [65, 22, 61, 92, 47, 64, 69, 36, 38] ,signature: [0, 1, 1, 1, 0, 0, 0, 0, 0] ),Support: 2
Class: 7.0 , Rule:(neurons: [65, 22, 61, 92, 47, 64, 84, 15, 57, 96, 5, 44, 94, 76, 43, 122, 71] ,signature: [0, 1, 1, 1, 0, 1, 0, 1, 1, 1, 0, 1, 1, 0, 1, 1, 0] ),Support: 2
Class: 7.0 , Rule:(neurons: [65, 91, 62, 4, 106, 19, 20, 97, 75, 51, 127, 110] ,signature: [1, 0, 0, 0, 0, 0, 1, 0, 1, 1, 0, 1] ),Support: 2
Class: 7.0 , Rule:(neurons: [65, 91, 62, 4, 106, 1, 16, 104, 54, 36, 115] ,signature: [1, 0, 0, 0, 1, 1, 0, 0, 0, 1, 0] ),Support: 2
Class: 7.0 , Rule:(neurons: [65, 91, 62, 4, 25, 29, 36, 1, 104, 99, 74, 127, 93, 2] ,signature: [1, 0, 0, 1, 0, 0, 0, 1, 1, 0, 0, 0, 0, 1] ),Support: 2
Class: 7.0 , Rule:(neurons: [65, 91, 62, 4, 25, 29, 108, 49, 123, 97, 71, 64, 80] ,signature: [1, 0, 0, 1, 0, 1, 1, 0, 1, 0, 0, 1, 0] ),Support: 2
Class: 7.0 , Rule:(neurons: [65, 91, 62, 4, 25, 97, 71, 1, 84, 123, 26, 38] ,signature: [1, 0, 0, 1, 1, 0, 0, 0, 0, 1, 0, 1] ),Support: 2
Class: 7.0 , Rule:(neurons: [65, 91, 62, 4, 25, 97, 110, 51, 2, 48, 92, 26, 80] ,signature: [1, 0, 0, 1, 1, 1, 0, 0, 0, 1, 1, 0, 1] ),Support: 2
Class: 7.0 , Rule:(neurons: [65, 91, 62, 4, 25, 97, 110, 51, 79, 115, 15, 89, 11, 122, 114, 116] ,signature: [1, 0, 0, 1, 1, 1, 0, 1, 0, 1, 0, 1, 0, 0, 0, 1] ),Support: 2
Class: 7.0 , Rule:(neurons: [65, 91, 62, 4, 25, 97, 110, 51, 79, 9, 102] ,signature: [1, 0, 0, 1, 1, 1, 0, 1, 1, 0, 1] ),Support: 2
Class: 7.0 , Rule:(neurons: [65, 91, 62, 25, 1, 94, 63, 15, 54, 78] ,signature: [1, 0, 1, 0, 0, 0, 0, 0, 0, 0] ),Support: 2
Class: 7.0 , Rule:(neurons: [65, 91, 62, 25, 1, 94, 104, 15, 124, 83, 80] ,signature: [1, 0, 1, 0, 0, 1, 0, 0, 1, 1, 0] ),Support: 2
Class: 7.0 , Rule:(neurons: [65, 91, 62, 25, 1, 94, 104, 15, 16, 47, 40, 61, 64, 113] ,signature: [1, 0, 1, 0, 0, 1, 0, 1, 0, 0, 1, 1, 0, 0] ),Support: 2
Class: 7.0 , Rule:(neurons: [65, 91, 62, 25, 1, 94, 104, 108, 24, 35, 102] ,signature: [1, 0, 1, 0, 0, 1, 1, 0, 0, 1, 1] ),Support: 2
Class: 7.0 , Rule:(neurons: [65, 91, 62, 25, 19, 79, 1, 51, 88, 55, 73, 29, 46, 48, 110, 0, 74] ,signature: [1, 0, 1, 1, 0, 0, 0, 1, 0, 0, 1, 0, 0, 1, 1, 1, 0] ),Support: 2
Class: 7.0 , Rule:(neurons: [65, 91, 62, 25, 19, 79, 1, 51, 88, 55, 73, 29, 16, 106, 100, 76, 86, 123, 127, 21] ,signature: [1, 0, 1, 1, 0, 0, 0, 1, 0, 0, 1, 1, 0, 1, 1, 0, 1, 0, 0, 1] ),Support: 2
Class: 7.0 , Rule:(neurons: [65, 91, 62, 25, 19, 79, 1, 115, 94, 80, 27, 17, 4] ,signature: [1, 0, 1, 1, 0, 0, 1, 0, 0, 1, 0, 0, 0] ),Support: 2
Class: 7.0 , Rule:(neurons: [65, 91, 62, 25, 19, 79, 1, 115, 94, 26, 29, 49, 7, 30] ,signature: [1, 0, 1, 1, 0, 0, 1, 0, 1, 0, 0, 1, 0, 0] ),Support: 2
Class: 7.0 , Rule:(neurons: [65, 91, 62, 25, 19, 79, 1, 115, 94, 26, 127, 96, 116, 66] ,signature: [1, 0, 1, 1, 0, 0, 1, 0, 1, 1, 1, 1, 1, 1] ),Support: 2
Class: 7.0 , Rule:(neurons: [65, 91, 62, 25, 19, 79, 1, 115, 116, 2, 51, 122, 94] ,signature: [1, 0, 1, 1, 0, 0, 1, 1, 0, 0, 1, 1, 1] ),Support: 2
Class: 7.0 , Rule:(neurons: [65, 91, 62, 25, 19, 79, 21, 4, 5, 113, 3, 13, 71] ,signature: [1, 0, 1, 1, 0, 1, 0, 0, 0, 0, 0, 0, 1] ),Support: 2
Class: 7.0 , Rule:(neurons: [65, 91, 62, 25, 19, 79, 21, 4, 66, 118, 106, 24, 48] ,signature: [1, 0, 1, 1, 0, 1, 0, 1, 1, 0, 1, 1, 0] ),Support: 2
Class: 7.0 , Rule:(neurons: [65, 91, 82, 84, 71, 55, 17, 16, 51, 10, 104, 36, 75, 57, 24, 48] ,signature: [1, 1, 0, 0, 0, 0, 0, 0, 1, 0, 1, 0, 1, 0, 1, 1] ),Support: 2
Class: 7.0 , Rule:(neurons: [65, 91, 82, 84, 71, 55, 17, 16, 51, 10, 104, 36, 113, 114] ,signature: [1, 1, 0, 0, 0, 0, 0, 0, 1, 0, 1, 1, 1, 0] ),Support: 2
Class: 7.0 , Rule:(neurons: [65, 91, 82, 84, 71, 55, 17, 16, 51, 10, 104, 36, 113, 114, 57] ,signature: [1, 1, 0, 0, 0, 0, 0, 0, 1, 0, 1, 1, 1, 1, 0] ),Support: 2
Class: 7.0 , Rule:(neurons: [65, 91, 82, 84, 71, 55, 17, 16, 51, 10, 25, 108, 104, 2, 33, 13, 38, 121, 8, 15, 47, 48, 113] ,signature: [1, 1, 0, 0, 0, 0, 0, 0, 1, 1, 0, 1, 1, 0, 1, 1, 0, 0, 1, 1, 1, 0, 1] ),Support: 2
Class: 7.0 , Rule:(neurons: [65, 91, 82, 84, 71, 55, 17, 16, 51, 10, 25, 108, 104, 2, 33, 13, 38, 64, 28] ,signature: [1, 1, 0, 0, 0, 0, 0, 0, 1, 1, 0, 1, 1, 0, 1, 1, 1, 1, 1] ),Support: 2
Class: 7.0 , Rule:(neurons: [65, 91, 82, 84, 71, 55, 17, 16, 127, 44, 78] ,signature: [1, 1, 0, 0, 0, 0, 0, 1, 0, 0, 0] ),Support: 2
Class: 7.0 , Rule:(neurons: [65, 91, 82, 84, 71, 55, 17, 16, 127, 44, 35, 57, 75] ,signature: [1, 1, 0, 0, 0, 0, 0, 1, 0, 1, 0, 0, 0] ),Support: 2
Class: 7.0 , Rule:(neurons: [65, 91, 82, 84, 71, 55, 17, 127, 97, 94, 52, 3, 26] ,signature: [1, 1, 0, 0, 0, 0, 1, 1, 1, 1, 1, 1, 1] ),Support: 2
Class: 7.0 , Rule:(neurons: [65, 91, 82, 84, 71, 55, 10, 26, 80, 0, 63, 25] ,signature: [1, 1, 0, 0, 0, 1, 1, 0, 0, 0, 0, 1] ),Support: 2
Class: 7.0 , Rule:(neurons: [65, 91, 82, 84, 71, 108, 17, 119, 104, 57, 9, 55, 77, 26, 96, 32] ,signature: [1, 1, 0, 0, 1, 1, 0, 1, 1, 1, 0, 0, 0, 0, 0, 0] ),Support: 2
Class: 7.0 , Rule:(neurons: [65, 91, 82, 84, 71, 108, 17, 119, 104, 57, 9, 55, 77, 26, 96, 38, 102] ,signature: [1, 1, 0, 0, 1, 1, 0, 1, 1, 1, 0, 0, 0, 0, 1, 1, 1] ),Support: 2
Class: 7.0 , Rule:(neurons: [65, 91, 82, 84, 71, 108, 17, 119, 104, 57, 9, 55, 77, 26, 54] ,signature: [1, 1, 0, 0, 1, 1, 0, 1, 1, 1, 0, 0, 0, 1, 0] ),Support: 2
Class: 7.0 , Rule:(neurons: [65, 91, 82, 84, 71, 108, 17, 119, 104, 57, 9, 55, 77, 38, 29, 5] ,signature: [1, 1, 0, 0, 1, 1, 0, 1, 1, 1, 0, 0, 1, 1, 1, 0] ),Support: 2
Class: 7.0 , Rule:(neurons: [65, 91, 82, 84, 71, 108, 17, 26, 52, 49, 24, 81] ,signature: [1, 1, 0, 0, 1, 1, 1, 0, 0, 1, 1, 0] ),Support: 2
Class: 7.0 , Rule:(neurons: [65, 91, 82, 84, 71, 108, 17, 26, 52, 86, 127, 75, 0, 96, 110] ,signature: [1, 1, 0, 0, 1, 1, 1, 0, 1, 1, 0, 1, 0, 0, 1] ),Support: 2
Class: 7.0 , Rule:(neurons: [65, 91, 82, 84, 26, 16, 15] ,signature: [1, 1, 0, 1, 0, 0, 1] ),Support: 2
Class: 7.0 , Rule:(neurons: [65, 91, 82, 84, 26, 16, 67] ,signature: [1, 1, 0, 1, 0, 1, 1] ),Support: 2
Class: 7.0 , Rule:(neurons: [65, 91, 82, 63, 28, 5, 78, 27, 77, 48, 100] ,signature: [1, 1, 1, 0, 0, 0, 1, 1, 0, 0, 0] ),Support: 2
Class: 7.0 , Rule:(neurons: [65, 91, 82, 63, 28, 5, 78, 27, 77, 48, 100, 57, 25, 16, 22, 36] ,signature: [1, 1, 1, 0, 0, 0, 1, 1, 0, 0, 1, 1, 1, 0, 1, 0] ),Support: 2
Class: 7.0 , Rule:(neurons: [65, 91, 82, 63, 28, 61, 62, 17, 22, 48, 47, 30, 114, 24, 117] ,signature: [1, 1, 1, 0, 1, 0, 1, 0, 1, 0, 0, 1, 0, 0, 1] ),Support: 2
Class: 7.0 , Rule:(neurons: [65, 91, 82, 63, 28, 61, 62, 17, 22, 48, 26] ,signature: [1, 1, 1, 0, 1, 0, 1, 0, 1, 1, 0] ),Support: 2
Class: 7.0 , Rule:(neurons: [65, 91, 82, 63, 28, 61, 73, 43, 114, 76] ,signature: [1, 1, 1, 0, 1, 1, 1, 1, 1, 0] ),Support: 2
Class: 7.0 , Rule:(neurons: [65, 91, 82, 63, 127, 86, 108, 99, 94, 14, 26, 73, 48, 29] ,signature: [1, 1, 1, 1, 0, 1, 1, 0, 0, 0, 0, 0, 0, 0] ),Support: 2
Class: 7.0 , Rule:(neurons: [65, 91, 82, 63, 127, 86, 108, 99, 94, 2, 44, 93, 16, 92, 38, 83, 98, 71, 102, 117, 7] ,signature: [1, 1, 1, 1, 0, 1, 1, 0, 1, 0, 1, 1, 0, 1, 0, 1, 0, 0, 1, 0, 1] ),Support: 2
Class: 7.0 , Rule:(neurons: [65, 91, 82, 63, 127, 86, 108, 99, 94, 73] ,signature: [1, 1, 1, 1, 0, 1, 1, 1, 1, 0] ),Support: 2
Class: 7.0 , Rule:(neurons: [65, 91, 82, 63, 127, 25, 62, 94, 47, 5, 27, 67] ,signature: [1, 1, 1, 1, 1, 0, 1, 0, 1, 0, 1, 1] ),Support: 2
Class: 7.0 , Rule:(neurons: [65, 91, 82, 63, 127, 25, 62, 94, 71, 121, 113, 55, 16, 83, 33, 118] ,signature: [1, 1, 1, 1, 1, 0, 1, 1, 0, 1, 0, 0, 0, 1, 0, 1] ),Support: 2
Class: 7.0 , Rule:(neurons: [65, 91, 82, 63, 127, 25, 62, 94, 71, 121, 113, 55, 16, 83, 33, 22, 126, 4, 80, 66] ,signature: [1, 1, 1, 1, 1, 0, 1, 1, 0, 1, 0, 0, 0, 1, 1, 0, 1, 0, 1, 0] ),Support: 2
Class: 7.0 , Rule:(neurons: [65, 91, 82, 63, 127, 25, 62, 94, 71, 121, 113, 55, 16, 83, 33, 22, 126, 4, 66] ,signature: [1, 1, 1, 1, 1, 0, 1, 1, 0, 1, 0, 0, 0, 1, 1, 0, 1, 1, 1] ),Support: 2
Class: 7.0 , Rule:(neurons: [65, 22, 28, 17, 96, 62, 74, 122, 108, 127, 99, 55, 26, 77, 113] ,signature: [0, 0, 0, 0, 0, 1, 1, 1, 1, 0, 0, 1, 0, 1, 0] ),Support: 1
Class: 7.0 , Rule:(neurons: [65, 22, 28, 17, 96, 118, 0, 82, 77, 110, 40, 63, 52, 79, 1] ,signature: [0, 0, 0, 0, 1, 0, 0, 1, 0, 0, 1, 1, 1, 1, 1] ),Support: 1
Class: 7.0 , Rule:(neurons: [65, 22, 28, 17, 96, 118, 0, 82, 77, 110, 29, 40, 2, 115, 104, 48, 78] ,signature: [0, 0, 0, 0, 1, 0, 0, 1, 0, 1, 0, 1, 1, 0, 1, 1, 0] ),Support: 1
Class: 7.0 , Rule:(neurons: [65, 22, 28, 17, 96, 118, 0, 82, 77, 110, 29, 117, 123, 38] ,signature: [0, 0, 0, 0, 1, 0, 0, 1, 0, 1, 1, 1, 0, 0] ),Support: 1
Class: 7.0 , Rule:(neurons: [65, 22, 28, 17, 96, 118, 0, 82, 77, 110, 29, 117, 123, 4, 119, 113, 57, 75, 127, 44] ,signature: [0, 0, 0, 0, 1, 0, 0, 1, 0, 1, 1, 1, 1, 0, 1, 1, 0, 1, 0, 1] ),Support: 1
Class: 7.0 , Rule:(neurons: [65, 22, 28, 17, 96, 118, 0, 82, 77, 62, 57, 124, 88, 92, 16, 114, 79] ,signature: [0, 0, 0, 0, 1, 0, 0, 1, 1, 0, 1, 0, 1, 1, 1, 0, 1] ),Support: 1
Class: 7.0 , Rule:(neurons: [65, 22, 28, 17, 96, 118, 0, 82, 77, 62, 38, 66, 113, 94, 44, 25] ,signature: [0, 0, 0, 0, 1, 0, 0, 1, 1, 1, 0, 1, 1, 1, 1, 1] ),Support: 1
Class: 7.0 , Rule:(neurons: [65, 22, 28, 17, 96, 118, 0, 14, 63, 10, 91, 20, 62, 24, 44, 7, 48, 81] ,signature: [0, 0, 0, 0, 1, 0, 1, 1, 1, 0, 1, 1, 1, 1, 1, 0, 1, 0] ),Support: 1
Class: 7.0 , Rule:(neurons: [65, 22, 28, 17, 96, 118, 62, 21, 25, 121, 126, 114, 93, 115, 100] ,signature: [0, 0, 0, 0, 1, 1, 0, 0, 1, 0, 1, 0, 1, 0, 1] ),Support: 1
Class: 7.0 , Rule:(neurons: [65, 22, 28, 17, 96, 118, 62, 21, 29, 26, 66, 104, 7] ,signature: [0, 0, 0, 0, 1, 1, 0, 1, 0, 0, 1, 1, 0] ),Support: 1
Class: 7.0 , Rule:(neurons: [65, 22, 28, 17, 96, 118, 62, 104, 122, 20, 91, 36, 126, 8, 77, 115] ,signature: [0, 0, 0, 0, 1, 1, 1, 0, 0, 1, 1, 0, 1, 0, 1, 0] ),Support: 1
Class: 7.0 , Rule:(neurons: [65, 22, 28, 17, 96, 118, 62, 104, 35, 45, 13, 26, 52, 5, 51, 78, 102] ,signature: [0, 0, 0, 0, 1, 1, 1, 1, 1, 0, 1, 0, 0, 1, 1, 0, 1] ),Support: 1
Class: 7.0 , Rule:(neurons: [65, 22, 28, 17, 96, 118, 62, 104, 35, 45, 81, 33, 73, 117, 49] ,signature: [0, 0, 0, 0, 1, 1, 1, 1, 1, 1, 0, 1, 1, 0, 1] ),Support: 1
Class: 7.0 , Rule:(neurons: [65, 22, 28, 17, 96, 118, 62, 104, 35, 45, 81, 47, 51, 16] ,signature: [0, 0, 0, 0, 1, 1, 1, 1, 1, 1, 1, 0, 1, 0] ),Support: 1
Class: 7.0 , Rule:(neurons: [65, 22, 28, 17, 96, 118, 62, 104, 35, 45, 81, 47, 11, 20, 14, 27] ,signature: [0, 0, 0, 0, 1, 1, 1, 1, 1, 1, 1, 1, 0, 1, 1, 0] ),Support: 1
Class: 7.0 , Rule:(neurons: [65, 22, 28, 17, 14, 48, 113, 77, 27, 35, 20, 4, 16] ,signature: [0, 0, 0, 1, 0, 0, 0, 1, 0, 1, 1, 0, 0] ),Support: 1
Class: 7.0 , Rule:(neurons: [65, 22, 28, 17, 14, 48, 113, 77, 27, 104, 124, 122, 8, 16] ,signature: [0, 0, 0, 1, 0, 0, 0, 1, 1, 1, 1, 0, 0, 0] ),Support: 1
Class: 7.0 , Rule:(neurons: [65, 22, 28, 17, 14, 48, 113, 19, 76, 127, 97, 108, 91, 5, 122, 124] ,signature: [0, 0, 0, 1, 0, 0, 1, 0, 0, 0, 0, 1, 1, 0, 0, 0] ),Support: 1
Class: 7.0 , Rule:(neurons: [65, 22, 28, 17, 14, 48, 45, 4, 61, 89, 46, 36, 124, 76, 80] ,signature: [0, 0, 0, 1, 0, 1, 1, 0, 1, 1, 0, 0, 1, 0, 1] ),Support: 1
Class: 7.0 , Rule:(neurons: [65, 22, 28, 17, 14, 29, 10, 106, 5, 64, 104, 24] ,signature: [0, 0, 0, 1, 1, 1, 0, 0, 0, 0, 1, 0] ),Support: 1
Class: 7.0 , Rule:(neurons: [65, 22, 28, 17, 14, 29, 10, 106, 91, 62, 48, 32, 97, 68, 51, 21] ,signature: [0, 0, 0, 1, 1, 1, 0, 1, 1, 1, 0, 1, 0, 1, 1, 0] ),Support: 1
Class: 7.0 , Rule:(neurons: [65, 22, 28, 17, 14, 29, 10, 84, 76, 94, 123, 69, 122, 108, 26] ,signature: [0, 0, 0, 1, 1, 1, 1, 0, 0, 0, 1, 1, 1, 1, 0] ),Support: 1
Class: 7.0 , Rule:(neurons: [65, 22, 28, 17, 14, 29, 10, 84, 76, 94, 26, 93, 118, 82] ,signature: [0, 0, 0, 1, 1, 1, 1, 0, 0, 1, 0, 1, 1, 0] ),Support: 1
Class: 7.0 , Rule:(neurons: [65, 22, 61, 26, 67, 68, 91, 10, 33, 2, 16, 102, 13] ,signature: [0, 1, 0, 0, 0, 1, 1, 1, 1, 0, 0, 1, 1] ),Support: 1
Class: 7.0 , Rule:(neurons: [65, 22, 61, 26, 94, 1, 118, 108, 25, 16, 119, 11, 127, 77] ,signature: [0, 1, 0, 1, 1, 0, 0, 1, 0, 1, 1, 0, 0, 1] ),Support: 1
Class: 7.0 , Rule:(neurons: [65, 22, 61, 26, 94, 1, 118, 108, 25, 0, 88, 5, 106, 33] ,signature: [0, 1, 0, 1, 1, 0, 0, 1, 1, 0, 1, 1, 1, 1] ),Support: 1
Class: 7.0 , Rule:(neurons: [65, 22, 61, 26, 94, 1, 118, 57, 74, 8, 69, 63, 119, 54] ,signature: [0, 1, 0, 1, 1, 0, 1, 1, 1, 0, 0, 1, 1, 0] ),Support: 1
Class: 7.0 , Rule:(neurons: [65, 22, 61, 26, 94, 1, 118, 57, 74, 8, 69, 52, 38, 3, 33] ,signature: [0, 1, 0, 1, 1, 0, 1, 1, 1, 0, 1, 1, 1, 0, 1] ),Support: 1
Class: 7.0 , Rule:(neurons: [65, 22, 61, 92, 10, 69, 68, 106, 29, 52, 55, 20] ,signature: [0, 1, 1, 0, 0, 0, 1, 1, 0, 1, 0, 0] ),Support: 1
Class: 7.0 , Rule:(neurons: [65, 22, 61, 92, 10, 47, 44, 104, 127] ,signature: [0, 1, 1, 0, 1, 0, 1, 1, 0] ),Support: 1
Class: 7.0 , Rule:(neurons: [65, 22, 61, 92, 47, 108, 8, 28, 55, 100, 76] ,signature: [0, 1, 1, 1, 1, 1, 0, 1, 0, 1, 0] ),Support: 1
Class: 7.0 , Rule:(neurons: [65, 22, 61, 92, 47, 108, 8, 39, 11, 43, 54, 113, 0, 106] ,signature: [0, 1, 1, 1, 1, 1, 1, 1, 0, 1, 1, 0, 1, 1] ),Support: 1
Class: 7.0 , Rule:(neurons: [65, 91, 62, 4, 106, 19, 20, 1, 97] ,signature: [1, 0, 0, 0, 0, 0, 0, 1, 1] ),Support: 1
Class: 7.0 , Rule:(neurons: [65, 91, 62, 4, 106, 1, 49, 79, 55, 9, 42, 96, 51, 71, 116, 97, 54] ,signature: [1, 0, 0, 0, 1, 0, 0, 0, 0, 0, 0, 1, 1, 1, 0, 1, 0] ),Support: 1
Class: 7.0 , Rule:(neurons: [65, 91, 62, 4, 106, 1, 49, 79, 55, 9, 42, 96, 51, 71, 116, 30] ,signature: [1, 0, 0, 0, 1, 0, 0, 0, 0, 0, 0, 1, 1, 1, 1, 0] ),Support: 1
Class: 7.0 , Rule:(neurons: [65, 91, 62, 4, 106, 1, 49, 79, 55, 9, 42, 115, 48, 110, 26] ,signature: [1, 0, 0, 0, 1, 0, 0, 0, 0, 0, 1, 0, 0, 1, 0] ),Support: 1
Class: 7.0 , Rule:(neurons: [65, 91, 62, 4, 106, 1, 49, 79, 55, 9, 42, 115, 94, 104, 81, 122] ,signature: [1, 0, 0, 0, 1, 0, 0, 0, 0, 0, 1, 1, 1, 1, 0, 0] ),Support: 1
Class: 7.0 , Rule:(neurons: [65, 91, 62, 4, 106, 1, 49, 79, 55, 32, 99, 48] ,signature: [1, 0, 0, 0, 1, 0, 0, 0, 1, 0, 0, 1] ),Support: 1
Class: 7.0 , Rule:(neurons: [65, 91, 62, 4, 106, 1, 49, 79, 52, 66, 5, 15, 83, 27, 77, 63] ,signature: [1, 0, 0, 0, 1, 0, 0, 1, 1, 1, 0, 0, 0, 0, 1, 1] ),Support: 1
Class: 7.0 , Rule:(neurons: [65, 91, 62, 4, 106, 1, 49, 79, 52, 66, 5, 15, 76, 22] ,signature: [1, 0, 0, 0, 1, 0, 0, 1, 1, 1, 0, 1, 0, 1] ),Support: 1
Class: 7.0 , Rule:(neurons: [65, 91, 62, 4, 106, 1, 49, 79, 52, 66, 5, 57, 59, 9, 27, 115] ,signature: [1, 0, 0, 0, 1, 0, 0, 1, 1, 1, 1, 1, 0, 0, 1, 1] ),Support: 1
Class: 7.0 , Rule:(neurons: [65, 91, 62, 4, 106, 1, 49, 20, 66, 48, 59, 74, 0] ,signature: [1, 0, 0, 0, 1, 0, 1, 0, 0, 0, 1, 0, 1] ),Support: 1
Class: 7.0 , Rule:(neurons: [65, 91, 62, 4, 106, 1, 49, 20, 94, 0, 80, 86, 28, 118, 8] ,signature: [1, 0, 0, 0, 1, 0, 1, 1, 0, 0, 1, 1, 0, 1, 0] ),Support: 1
Class: 7.0 , Rule:(neurons: [65, 91, 62, 4, 106, 1, 49, 20, 94, 0, 124, 33, 21, 48, 105, 115] ,signature: [1, 0, 0, 0, 1, 0, 1, 1, 0, 1, 1, 1, 0, 1, 1, 1] ),Support: 1
Class: 7.0 , Rule:(neurons: [65, 91, 62, 4, 106, 1, 49, 20, 94, 28, 15, 55, 2, 82, 69] ,signature: [1, 0, 0, 0, 1, 0, 1, 1, 1, 0, 0, 0, 1, 0, 1] ),Support: 1
Class: 7.0 , Rule:(neurons: [65, 91, 62, 4, 106, 1, 16, 104, 55, 76, 97, 84, 77, 26, 102, 69, 29] ,signature: [1, 0, 0, 0, 1, 1, 0, 1, 0, 0, 1, 0, 0, 0, 1, 1, 1] ),Support: 1
Class: 7.0 , Rule:(neurons: [65, 91, 62, 4, 106, 1, 16, 104, 55, 76, 97, 84, 77, 11, 47, 102] ,signature: [1, 0, 0, 0, 1, 1, 0, 1, 0, 0, 1, 0, 1, 1, 1, 0] ),Support: 1
Class: 7.0 , Rule:(neurons: [65, 91, 62, 4, 106, 1, 16, 104, 55, 76, 97, 84, 32] ,signature: [1, 0, 0, 0, 1, 1, 0, 1, 0, 0, 1, 1, 0] ),Support: 1
Class: 7.0 , Rule:(neurons: [65, 91, 62, 4, 106, 1, 16, 85, 84, 47, 104, 97, 38, 26] ,signature: [1, 0, 0, 0, 1, 1, 1, 0, 0, 0, 1, 1, 1, 0] ),Support: 1
Class: 7.0 , Rule:(neurons: [65, 91, 62, 4, 106, 1, 16, 85, 82, 97, 21, 30, 127, 114, 51] ,signature: [1, 0, 0, 0, 1, 1, 1, 1, 0, 1, 0, 1, 0, 1, 0] ),Support: 1
Class: 7.0 , Rule:(neurons: [65, 91, 62, 4, 106, 1, 16, 85, 82, 97, 21, 30, 127, 94] ,signature: [1, 0, 0, 0, 1, 1, 1, 1, 0, 1, 0, 1, 1, 1] ),Support: 1
Class: 7.0 , Rule:(neurons: [65, 91, 62, 4, 106, 1, 16, 85, 82, 97, 86, 108, 115, 109] ,signature: [1, 0, 0, 0, 1, 1, 1, 1, 1, 1, 0, 0, 1, 0] ),Support: 1
Class: 7.0 , Rule:(neurons: [65, 91, 62, 4, 25, 29, 36, 1, 121, 94, 80, 48] ,signature: [1, 0, 0, 1, 0, 0, 0, 0, 0, 0, 0, 1] ),Support: 1
Class: 7.0 , Rule:(neurons: [65, 91, 62, 4, 25, 29, 36, 1, 104, 99, 74, 127, 101] ,signature: [1, 0, 0, 1, 0, 0, 0, 1, 1, 0, 0, 1, 0] ),Support: 1
Class: 7.0 , Rule:(neurons: [65, 91, 62, 4, 25, 29, 36, 96, 54, 86, 121, 28, 7, 10] ,signature: [1, 0, 0, 1, 0, 0, 1, 1, 1, 1, 1, 1, 0, 1] ),Support: 1
Class: 7.0 , Rule:(neurons: [65, 91, 62, 4, 25, 29, 108, 32, 17, 63, 2, 7] ,signature: [1, 0, 0, 1, 0, 1, 0, 1, 0, 1, 0, 0] ),Support: 1
Class: 7.0 , Rule:(neurons: [65, 91, 62, 4, 25, 29, 108, 49, 123, 104] ,signature: [1, 0, 0, 1, 0, 1, 1, 0, 0, 1] ),Support: 1
Class: 7.0 , Rule:(neurons: [65, 91, 62, 4, 25, 97, 71, 1, 84, 123, 49, 94, 86, 104, 88] ,signature: [1, 0, 0, 1, 1, 0, 0, 0, 0, 0, 0, 1, 0, 1, 0] ),Support: 1
Class: 7.0 , Rule:(neurons: [65, 91, 62, 4, 25, 97, 71, 1, 27, 123, 20] ,signature: [1, 0, 0, 1, 1, 0, 0, 1, 1, 1, 0] ),Support: 1
Class: 7.0 , Rule:(neurons: [65, 91, 62, 4, 25, 97, 71, 48, 19, 89, 43, 86, 93, 42, 85, 110] ,signature: [1, 0, 0, 1, 1, 0, 1, 0, 0, 1, 1, 1, 1, 0, 0, 1] ),Support: 1
Class: 7.0 , Rule:(neurons: [65, 91, 62, 4, 25, 97, 71, 48, 21, 44, 49, 115, 38, 80, 101, 51, 76, 54, 100] ,signature: [1, 0, 0, 1, 1, 0, 1, 1, 0, 1, 0, 1, 0, 1, 0, 0, 0, 0, 1] ),Support: 1
Class: 7.0 , Rule:(neurons: [65, 91, 62, 4, 25, 97, 71, 48, 21, 44, 49, 82, 118, 36, 75, 40] ,signature: [1, 0, 0, 1, 1, 0, 1, 1, 0, 1, 1, 0, 0, 0, 0, 1] ),Support: 1
Class: 7.0 , Rule:(neurons: [65, 91, 62, 4, 25, 97, 71, 48, 21, 40, 16, 38, 66] ,signature: [1, 0, 0, 1, 1, 0, 1, 1, 1, 1, 0, 0, 1] ),Support: 1
Class: 7.0 , Rule:(neurons: [65, 91, 62, 4, 25, 97, 110, 51, 2, 48, 30, 66, 55, 10, 28] ,signature: [1, 0, 0, 1, 1, 1, 0, 0, 0, 0, 1, 0, 0, 0, 1] ),Support: 1
Class: 7.0 , Rule:(neurons: [65, 91, 62, 4, 25, 97, 110, 51, 2, 26, 104, 32, 84, 61, 47, 46] ,signature: [1, 0, 0, 1, 1, 1, 0, 0, 1, 0, 1, 0, 0, 0, 1, 1] ),Support: 1
Class: 7.0 , Rule:(neurons: [65, 91, 62, 4, 25, 97, 110, 51, 2, 26, 104, 32, 84, 109, 61] ,signature: [1, 0, 0, 1, 1, 1, 0, 0, 1, 0, 1, 0, 1, 0, 1] ),Support: 1
Class: 7.0 , Rule:(neurons: [65, 91, 62, 4, 25, 97, 110, 51, 79, 115, 16, 104, 127] ,signature: [1, 0, 0, 1, 1, 1, 0, 1, 0, 0, 0, 0, 0] ),Support: 1
Class: 7.0 , Rule:(neurons: [65, 91, 62, 4, 25, 97, 110, 77, 104, 93, 11, 55, 67, 114, 51, 71] ,signature: [1, 0, 0, 1, 1, 1, 1, 1, 1, 1, 0, 0, 1, 1, 1, 0] ),Support: 1
Class: 7.0 , Rule:(neurons: [65, 91, 62, 25, 1, 94, 63, 15, 0, 38, 102, 98] ,signature: [1, 0, 1, 0, 0, 0, 0, 1, 0, 0, 0, 1] ),Support: 1
Class: 7.0 , Rule:(neurons: [65, 91, 62, 25, 1, 94, 63, 15, 0, 38, 102] ,signature: [1, 0, 1, 0, 0, 0, 0, 1, 0, 0, 1] ),Support: 1
Class: 7.0 , Rule:(neurons: [65, 91, 62, 25, 1, 94, 63, 15, 0, 38, 101, 66] ,signature: [1, 0, 1, 0, 0, 0, 0, 1, 0, 1, 1, 1] ),Support: 1
Class: 7.0 , Rule:(neurons: [65, 91, 62, 25, 1, 94, 63, 45, 2, 61, 51, 122, 5, 8, 66] ,signature: [1, 0, 1, 0, 0, 0, 1, 1, 0, 0, 1, 1, 1, 0, 1] ),Support: 1
Class: 7.0 , Rule:(neurons: [65, 91, 62, 25, 1, 94, 63, 45, 2, 32, 13, 47, 73, 114] ,signature: [1, 0, 1, 0, 0, 0, 1, 1, 1, 1, 0, 0, 1, 1] ),Support: 1
Class: 7.0 , Rule:(neurons: [65, 91, 62, 25, 1, 94, 104, 15, 16, 47, 40, 113, 48, 73, 99, 82] ,signature: [1, 0, 1, 0, 0, 1, 0, 1, 0, 0, 0, 0, 0, 1, 0, 0] ),Support: 1
Class: 7.0 , Rule:(neurons: [65, 91, 62, 25, 1, 94, 104, 15, 16, 115, 74, 49] ,signature: [1, 0, 1, 0, 0, 1, 0, 1, 1, 0, 1, 1] ),Support: 1
Class: 7.0 , Rule:(neurons: [65, 91, 62, 25, 1, 94, 104, 108, 24, 34] ,signature: [1, 0, 1, 0, 0, 1, 1, 0, 1, 0] ),Support: 1
Class: 7.0 , Rule:(neurons: [65, 91, 62, 25, 1, 94, 104, 108, 97, 52, 82, 86, 92, 55] ,signature: [1, 0, 1, 0, 0, 1, 1, 1, 0, 0, 0, 1, 1, 0] ),Support: 1
Class: 7.0 , Rule:(neurons: [65, 91, 62, 25, 1, 94, 104, 108, 97, 52, 35, 61, 122, 109, 116, 121, 0, 32, 85] ,signature: [1, 0, 1, 0, 0, 1, 1, 1, 0, 1, 1, 0, 0, 1, 1, 1, 1, 0, 0] ),Support: 1
Class: 7.0 , Rule:(neurons: [65, 91, 62, 25, 1, 94, 104, 108, 97, 102, 113, 118, 17] ,signature: [1, 0, 1, 0, 0, 1, 1, 1, 1, 1, 1, 1, 0] ),Support: 1
Class: 7.0 , Rule:(neurons: [65, 91, 62, 25, 1, 94, 2, 78, 61] ,signature: [1, 0, 1, 0, 1, 0, 0, 1, 1] ),Support: 1
Class: 7.0 , Rule:(neurons: [65, 91, 62, 25, 1, 94, 97, 7, 16, 116, 35] ,signature: [1, 0, 1, 0, 1, 1, 0, 1, 0, 1, 0] ),Support: 1
Class: 7.0 , Rule:(neurons: [65, 91, 62, 25, 1, 94, 97, 36, 26, 49, 30] ,signature: [1, 0, 1, 0, 1, 1, 1, 1, 1, 0, 0] ),Support: 1
Class: 7.0 , Rule:(neurons: [65, 91, 62, 25, 19, 79, 1, 51, 88, 55, 73, 2, 45, 94, 64, 49, 35, 15, 22, 108, 115] ,signature: [1, 0, 1, 1, 0, 0, 0, 1, 0, 0, 0, 0, 1, 1, 0, 0, 1, 0, 0, 0, 0] ),Support: 1
Class: 7.0 , Rule:(neurons: [65, 91, 62, 25, 19, 79, 1, 51, 88, 55, 73, 2, 45, 94, 64, 49, 35, 15, 22, 108, 127, 28, 97] ,signature: [1, 0, 1, 1, 0, 0, 0, 1, 0, 0, 0, 0, 1, 1, 0, 0, 1, 0, 0, 1, 0, 1, 0] ),Support: 1
Class: 7.0 , Rule:(neurons: [65, 91, 62, 25, 19, 79, 1, 51, 88, 55, 73, 29, 46, 48, 110, 0, 35, 49, 116, 17] ,signature: [1, 0, 1, 1, 0, 0, 0, 1, 0, 0, 1, 0, 0, 1, 1, 0, 1, 0, 1, 0] ),Support: 1
Class: 7.0 , Rule:(neurons: [65, 91, 62, 25, 19, 79, 1, 51, 88, 55, 73, 29, 16, 106, 100, 20] ,signature: [1, 0, 1, 1, 0, 0, 0, 1, 0, 0, 1, 1, 0, 1, 0, 0] ),Support: 1
Class: 7.0 , Rule:(neurons: [65, 91, 62, 25, 19, 79, 1, 51, 88, 55, 73, 29, 16, 106, 100, 76, 113, 49, 83] ,signature: [1, 0, 1, 1, 0, 0, 0, 1, 0, 0, 1, 1, 0, 1, 1, 1, 0, 1, 1] ),Support: 1
Class: 7.0 , Rule:(neurons: [65, 91, 62, 25, 19, 79, 1, 51, 88, 55, 73, 29, 16, 85, 102, 86, 4, 21] ,signature: [1, 0, 1, 1, 0, 0, 0, 1, 0, 0, 1, 1, 1, 0, 0, 1, 1, 0] ),Support: 1
Class: 7.0 , Rule:(neurons: [65, 91, 62, 25, 19, 79, 1, 51, 88, 15, 55, 64, 108, 48, 97, 113] ,signature: [1, 0, 1, 1, 0, 0, 0, 1, 1, 0, 0, 0, 0, 0, 1, 1] ),Support: 1
Class: 7.0 , Rule:(neurons: [65, 91, 62, 25, 19, 79, 1, 51, 88, 15, 55, 64, 108, 61, 73, 33, 96] ,signature: [1, 0, 1, 1, 0, 0, 0, 1, 1, 0, 0, 0, 1, 0, 0, 0, 1] ),Support: 1
Class: 7.0 , Rule:(neurons: [65, 91, 62, 25, 19, 79, 1, 51, 88, 15, 55, 64, 98, 114] ,signature: [1, 0, 1, 1, 0, 0, 0, 1, 1, 0, 0, 1, 0, 0] ),Support: 1
Class: 7.0 , Rule:(neurons: [65, 91, 62, 25, 19, 79, 1, 51, 88, 15, 55, 109, 115, 108, 33, 11, 4] ,signature: [1, 0, 1, 1, 0, 0, 0, 1, 1, 0, 1, 1, 0, 1, 1, 1, 1] ),Support: 1
Class: 7.0 , Rule:(neurons: [65, 91, 62, 25, 19, 79, 1, 115, 94, 80, 24, 78, 71] ,signature: [1, 0, 1, 1, 0, 0, 1, 0, 0, 0, 0, 1, 0] ),Support: 1
Class: 7.0 , Rule:(neurons: [65, 91, 62, 25, 19, 79, 1, 115, 94, 26, 29, 49, 7, 30, 78] ,signature: [1, 0, 1, 1, 0, 0, 1, 0, 1, 0, 0, 1, 0, 1, 1] ),Support: 1
Class: 7.0 , Rule:(neurons: [65, 91, 62, 25, 19, 79, 1, 115, 116, 2, 51, 122, 33, 55, 0, 126, 28] ,signature: [1, 0, 1, 1, 0, 0, 1, 1, 0, 0, 1, 0, 1, 0, 0, 0, 1] ),Support: 1
Class: 7.0 , Rule:(neurons: [65, 91, 62, 25, 19, 79, 1, 115, 116, 2, 27, 15, 28] ,signature: [1, 0, 1, 1, 0, 0, 1, 1, 0, 1, 1, 0, 0] ),Support: 1
Class: 7.0 , Rule:(neurons: [65, 91, 62, 25, 19, 79, 1, 115, 116, 114, 84, 110, 85, 46, 75] ,signature: [1, 0, 1, 1, 0, 0, 1, 1, 1, 1, 0, 1, 1, 0, 0] ),Support: 1
Class: 7.0 , Rule:(neurons: [65, 91, 62, 25, 19, 79, 21, 4, 5, 113, 33, 7] ,signature: [1, 0, 1, 1, 0, 1, 0, 0, 0, 1, 0, 0] ),Support: 1
Class: 7.0 , Rule:(neurons: [65, 91, 62, 25, 19, 79, 21, 4, 66, 116, 35, 81] ,signature: [1, 0, 1, 1, 0, 1, 0, 1, 0, 1, 0, 1] ),Support: 1
Class: 7.0 , Rule:(neurons: [65, 91, 62, 25, 19, 79, 21, 127, 126, 9, 51, 67] ,signature: [1, 0, 1, 1, 0, 1, 1, 0, 1, 0, 0, 1] ),Support: 1
Class: 7.0 , Rule:(neurons: [65, 91, 62, 25, 19, 73, 7, 4, 83, 55, 42, 49] ,signature: [1, 0, 1, 1, 1, 0, 0, 0, 1, 0, 1, 0] ),Support: 1
Class: 7.0 , Rule:(neurons: [65, 91, 62, 25, 19, 73, 7, 4, 82, 127, 84, 61] ,signature: [1, 0, 1, 1, 1, 0, 0, 1, 0, 0, 0, 1] ),Support: 1
Class: 7.0 , Rule:(neurons: [65, 91, 62, 25, 19, 73, 7, 4, 82, 84, 116, 46, 1, 42, 34, 61, 10] ,signature: [1, 0, 1, 1, 1, 0, 0, 1, 1, 0, 0, 0, 0, 0, 1, 1, 0] ),Support: 1
Class: 7.0 , Rule:(neurons: [65, 91, 62, 25, 19, 73, 7, 4, 82, 84, 116, 46, 75, 110, 1] ,signature: [1, 0, 1, 1, 1, 0, 0, 1, 1, 0, 0, 1, 1, 1, 0] ),Support: 1
Class: 7.0 , Rule:(neurons: [65, 91, 62, 25, 19, 73, 7, 4, 82, 84, 116, 114, 108] ,signature: [1, 0, 1, 1, 1, 0, 0, 1, 1, 0, 1, 1, 0] ),Support: 1
Class: 7.0 , Rule:(neurons: [65, 91, 62, 25, 19, 73, 7, 1, 24, 76, 78, 99, 71] ,signature: [1, 0, 1, 1, 1, 0, 1, 1, 0, 0, 0, 0, 0] ),Support: 1
Class: 7.0 , Rule:(neurons: [65, 91, 62, 25, 19, 73, 4, 102, 99, 61, 24, 15, 49] ,signature: [1, 0, 1, 1, 1, 1, 0, 1, 0, 0, 0, 1, 1] ),Support: 1
Class: 7.0 , Rule:(neurons: [65, 91, 62, 25, 19, 73, 4, 102, 99, 61, 80, 26, 15] ,signature: [1, 0, 1, 1, 1, 1, 0, 1, 0, 1, 1, 1, 1] ),Support: 1
Class: 7.0 , Rule:(neurons: [65, 91, 62, 25, 19, 73, 4, 98, 38, 92, 48, 3, 89, 20] ,signature: [1, 0, 1, 1, 1, 1, 1, 0, 0, 0, 0, 0, 1, 1] ),Support: 1
Class: 7.0 , Rule:(neurons: [65, 91, 62, 25, 19, 73, 4, 98, 38, 48, 102, 79, 0] ,signature: [1, 0, 1, 1, 1, 1, 1, 0, 1, 1, 0, 1, 1] ),Support: 1
Class: 7.0 , Rule:(neurons: [65, 91, 82, 84, 71, 55, 17, 16, 51, 10, 104, 92, 73, 69] ,signature: [1, 1, 0, 0, 0, 0, 0, 0, 1, 0, 0, 0, 1, 1] ),Support: 1
Class: 7.0 , Rule:(neurons: [65, 91, 82, 84, 71, 55, 17, 16, 51, 10, 25, 108, 104, 92, 73, 66, 13] ,signature: [1, 1, 0, 0, 0, 0, 0, 0, 1, 1, 0, 1, 0, 1, 0, 0, 0] ),Support: 1
Class: 7.0 , Rule:(neurons: [65, 91, 82, 84, 71, 55, 17, 16, 51, 10, 25, 108, 104, 92, 73, 26, 38, 98, 126, 48, 0, 67] ,signature: [1, 1, 0, 0, 0, 0, 0, 0, 1, 1, 0, 1, 0, 1, 1, 1, 0, 1, 0, 1, 0, 1] ),Support: 1
Class: 7.0 , Rule:(neurons: [65, 91, 82, 84, 71, 55, 17, 16, 51, 10, 25, 108, 104, 92, 73, 26, 38, 98, 126, 48, 0] ,signature: [1, 1, 0, 0, 0, 0, 0, 0, 1, 1, 0, 1, 0, 1, 1, 1, 0, 1, 0, 1, 1] ),Support: 1
Class: 7.0 , Rule:(neurons: [65, 91, 82, 84, 71, 55, 17, 16, 51, 10, 25, 108, 104, 92, 73, 26, 38, 122, 24] ,signature: [1, 1, 0, 0, 0, 0, 0, 0, 1, 1, 0, 1, 0, 1, 1, 1, 1, 1, 0] ),Support: 1
Class: 7.0 , Rule:(neurons: [65, 91, 82, 84, 71, 55, 17, 16, 127, 44, 35, 52, 124, 33, 24] ,signature: [1, 1, 0, 0, 0, 0, 0, 1, 0, 1, 1, 0, 1, 0, 0] ),Support: 1
Class: 7.0 , Rule:(neurons: [65, 91, 82, 84, 71, 55, 17, 127, 36, 115] ,signature: [1, 1, 0, 0, 0, 0, 1, 0, 1, 1] ),Support: 1
Class: 7.0 , Rule:(neurons: [65, 91, 82, 84, 71, 55, 17, 127, 97, 14, 35, 80] ,signature: [1, 1, 0, 0, 0, 0, 1, 1, 0, 0, 0, 0] ),Support: 1
Class: 7.0 , Rule:(neurons: [65, 91, 82, 84, 71, 108, 1, 20, 21, 96, 15, 92, 117] ,signature: [1, 1, 0, 0, 1, 0, 0, 0, 1, 1, 0, 0, 0] ),Support: 1
Class: 7.0 , Rule:(neurons: [65, 91, 82, 84, 71, 108, 1, 20, 21, 96, 15, 92] ,signature: [1, 1, 0, 0, 1, 0, 0, 0, 1, 1, 0, 1] ),Support: 1
Class: 7.0 , Rule:(neurons: [65, 91, 82, 84, 71, 108, 17, 119, 104, 26, 127, 13] ,signature: [1, 1, 0, 0, 1, 1, 0, 1, 0, 1, 1, 1] ),Support: 1
Class: 7.0 , Rule:(neurons: [65, 91, 82, 84, 71, 108, 17, 119, 104, 57, 9, 55, 77, 26, 96, 38, 48, 74, 81, 36, 59] ,signature: [1, 1, 0, 0, 1, 1, 0, 1, 1, 1, 0, 0, 0, 0, 1, 0, 0, 1, 1, 0, 0] ),Support: 1
Class: 7.0 , Rule:(neurons: [65, 91, 82, 84, 71, 108, 17, 119, 104, 57, 9, 55, 7] ,signature: [1, 1, 0, 0, 1, 1, 0, 1, 1, 1, 0, 1, 0] ),Support: 1
Class: 7.0 , Rule:(neurons: [65, 91, 82, 84, 71, 108, 17, 119, 104, 57, 9, 19] ,signature: [1, 1, 0, 0, 1, 1, 0, 1, 1, 1, 1, 1] ),Support: 1
Class: 7.0 , Rule:(neurons: [65, 91, 82, 84, 71, 108, 17, 26, 52, 49, 100, 9] ,signature: [1, 1, 0, 0, 1, 1, 1, 0, 0, 0, 0, 0] ),Support: 1
Class: 7.0 , Rule:(neurons: [65, 91, 82, 84, 71, 108, 17, 26, 52, 86, 127, 75, 0, 20] ,signature: [1, 1, 0, 0, 1, 1, 1, 0, 1, 1, 0, 1, 1, 1] ),Support: 1
Class: 7.0 , Rule:(neurons: [65, 91, 82, 84, 71, 108, 17, 26, 52, 86, 127, 40, 104, 83] ,signature: [1, 1, 0, 0, 1, 1, 1, 0, 1, 1, 1, 1, 1, 0] ),Support: 1
Class: 7.0 , Rule:(neurons: [65, 91, 82, 84, 71, 108, 17, 26, 55, 121] ,signature: [1, 1, 0, 0, 1, 1, 1, 1, 1, 0] ),Support: 1
Class: 7.0 , Rule:(neurons: [65, 91, 82, 84, 26, 16, 67, 48, 121, 94] ,signature: [1, 1, 0, 1, 0, 1, 0, 1, 1, 1] ),Support: 1
Class: 7.0 , Rule:(neurons: [65, 91, 82, 63, 28, 5, 78, 27, 86, 25, 0, 102, 104] ,signature: [1, 1, 1, 0, 0, 0, 1, 0, 1, 0, 0, 1, 0] ),Support: 1
Class: 7.0 , Rule:(neurons: [65, 91, 82, 63, 28, 5, 26, 78, 45, 55] ,signature: [1, 1, 1, 0, 0, 1, 0, 0, 1, 1] ),Support: 1
Class: 7.0 , Rule:(neurons: [65, 91, 82, 63, 28, 5, 26, 78, 61] ,signature: [1, 1, 1, 0, 0, 1, 0, 1, 1] ),Support: 1
Class: 7.0 , Rule:(neurons: [65, 91, 82, 63, 28, 5, 26, 69, 55, 121, 94, 66, 101] ,signature: [1, 1, 1, 0, 0, 1, 1, 1, 0, 1, 1, 1, 0] ),Support: 1
Class: 7.0 , Rule:(neurons: [65, 91, 82, 63, 28, 61, 62, 17, 22, 4, 83, 19, 118] ,signature: [1, 1, 1, 0, 1, 0, 1, 0, 0, 0, 0, 0, 0] ),Support: 1
Class: 7.0 , Rule:(neurons: [65, 91, 82, 63, 28, 61, 62, 17, 22, 48, 47, 68] ,signature: [1, 1, 1, 0, 1, 0, 1, 0, 1, 0, 1, 0] ),Support: 1
Class: 7.0 , Rule:(neurons: [65, 91, 82, 63, 127, 86, 62, 113, 101, 14, 48, 16] ,signature: [1, 1, 1, 1, 0, 0, 0, 1, 0, 0, 0, 0] ),Support: 1
Class: 7.0 , Rule:(neurons: [65, 91, 82, 63, 127, 86, 62, 113, 101, 14, 48] ,signature: [1, 1, 1, 1, 0, 0, 0, 1, 0, 0, 1] ),Support: 1
Class: 7.0 , Rule:(neurons: [65, 91, 82, 63, 127, 86, 62, 14, 55, 73, 4] ,signature: [1, 1, 1, 1, 0, 0, 1, 1, 0, 1, 0] ),Support: 1
Class: 7.0 , Rule:(neurons: [65, 91, 82, 63, 127, 86, 108, 99, 94, 14, 26, 97, 124, 27, 118] ,signature: [1, 1, 1, 1, 0, 1, 1, 0, 0, 0, 1, 0, 0, 1, 1] ),Support: 1
Class: 7.0 , Rule:(neurons: [65, 91, 82, 63, 127, 86, 108, 99, 94, 14, 26, 97, 124, 77, 4, 61] ,signature: [1, 1, 1, 1, 0, 1, 1, 0, 0, 0, 1, 0, 1, 0, 0, 1] ),Support: 1
Class: 7.0 , Rule:(neurons: [65, 91, 82, 63, 127, 86, 108, 99, 94, 14, 26, 97, 124, 77, 113, 68, 118, 73, 75] ,signature: [1, 1, 1, 1, 0, 1, 1, 0, 0, 0, 1, 0, 1, 1, 0, 1, 1, 0, 0] ),Support: 1
Class: 7.0 , Rule:(neurons: [65, 91, 82, 63, 127, 86, 108, 99, 94, 14, 26, 97, 121, 69, 27] ,signature: [1, 1, 1, 1, 0, 1, 1, 0, 0, 0, 1, 1, 1, 0, 0] ),Support: 1
Class: 7.0 , Rule:(neurons: [65, 91, 82, 63, 127, 86, 108, 99, 94, 14, 76, 100, 19, 52, 113, 3, 7, 73] ,signature: [1, 1, 1, 1, 0, 1, 1, 0, 0, 1, 0, 1, 0, 0, 0, 0, 1, 1] ),Support: 1
Class: 7.0 , Rule:(neurons: [65, 91, 82, 63, 127, 86, 108, 99, 94, 14, 76, 100, 19, 52, 113, 3, 44] ,signature: [1, 1, 1, 1, 0, 1, 1, 0, 0, 1, 0, 1, 0, 0, 0, 1, 0] ),Support: 1
Class: 7.0 , Rule:(neurons: [65, 91, 82, 63, 127, 86, 108, 99, 94, 14, 76, 57, 71] ,signature: [1, 1, 1, 1, 0, 1, 1, 0, 0, 1, 1, 1, 1] ),Support: 1
Class: 7.0 , Rule:(neurons: [65, 91, 82, 63, 127, 86, 108, 99, 94, 2, 44, 93, 16, 92, 38, 33, 8, 116, 24] ,signature: [1, 1, 1, 1, 0, 1, 1, 0, 1, 0, 1, 1, 0, 1, 1, 1, 0, 1, 0] ),Support: 1
Class: 7.0 , Rule:(neurons: [65, 91, 82, 63, 127, 86, 108, 99, 94, 2, 44, 93, 16, 74, 84, 126, 36, 124, 13, 116, 57] ,signature: [1, 1, 1, 1, 0, 1, 1, 0, 1, 0, 1, 1, 1, 0, 0, 1, 0, 1, 1, 0, 0] ),Support: 1
Class: 7.0 , Rule:(neurons: [65, 91, 82, 63, 127, 86, 108, 99, 94, 2, 44, 93, 16, 74, 84, 126, 36, 46] ,signature: [1, 1, 1, 1, 0, 1, 1, 0, 1, 0, 1, 1, 1, 0, 0, 1, 1, 1] ),Support: 1
Class: 7.0 , Rule:(neurons: [65, 91, 82, 63, 127, 86, 108, 99, 94, 2, 44, 93, 16, 74, 8, 122, 4, 0, 7] ,signature: [1, 1, 1, 1, 0, 1, 1, 0, 1, 0, 1, 1, 1, 1, 1, 0, 0, 0, 0] ),Support: 1
Class: 7.0 , Rule:(neurons: [65, 91, 82, 63, 127, 25, 62, 94, 47, 43, 121, 35, 80] ,signature: [1, 1, 1, 1, 1, 0, 1, 0, 0, 1, 1, 0, 1] ),Support: 1
Class: 7.0 , Rule:(neurons: [65, 91, 82, 63, 127, 25, 62, 94, 47, 43, 121, 35, 29, 3, 15] ,signature: [1, 1, 1, 1, 1, 0, 1, 0, 0, 1, 1, 1, 0, 1, 0] ),Support: 1
Class: 7.0 , Rule:(neurons: [65, 91, 82, 63, 127, 25, 62, 94, 47, 5, 27, 67, 102, 116, 28, 30] ,signature: [1, 1, 1, 1, 1, 0, 1, 0, 1, 0, 1, 0, 0, 0, 0, 0] ),Support: 1
Class: 7.0 , Rule:(neurons: [65, 91, 82, 63, 127, 25, 62, 94, 47, 5, 27, 67, 102, 126, 69] ,signature: [1, 1, 1, 1, 1, 0, 1, 0, 1, 0, 1, 0, 1, 1, 1] ),Support: 1
Class: 7.0 , Rule:(neurons: [65, 91, 82, 63, 127, 25, 62, 94, 71, 121, 113, 55, 16, 83, 33, 118, 123] ,signature: [1, 1, 1, 1, 1, 0, 1, 1, 0, 1, 0, 0, 0, 1, 0, 0, 0] ),Support: 1
Class: 7.0 , Rule:(neurons: [65, 91, 82, 63, 127, 25, 62, 94, 71, 121, 113, 55, 16, 83, 33, 22, 126, 26, 67] ,signature: [1, 1, 1, 1, 1, 0, 1, 1, 0, 1, 0, 0, 0, 1, 1, 0, 0, 0, 1] ),Support: 1
Class: 7.0 , Rule:(neurons: [65, 91, 82, 63, 127, 25, 62, 94, 71, 121, 113, 54, 118, 76, 14, 36] ,signature: [1, 1, 1, 1, 1, 0, 1, 1, 0, 1, 1, 0, 0, 0, 0, 1] ),Support: 1
Class: 7.0 , Rule:(neurons: [65, 91, 82, 63, 127, 25, 62, 94, 71, 121, 113, 54, 118, 76, 14] ,signature: [1, 1, 1, 1, 1, 0, 1, 1, 0, 1, 1, 0, 0, 0, 1] ),Support: 1
Class: 7.0 , Rule:(neurons: [65, 91, 82, 63, 127, 25, 62, 94, 71, 121, 113, 54, 104, 24, 8, 28, 122] ,signature: [1, 1, 1, 1, 1, 0, 1, 1, 0, 1, 1, 1, 0, 0, 0, 0, 0] ),Support: 1
Class: 7.0 , Rule:(neurons: [65, 91, 82, 63, 127, 25, 62, 94, 71, 121, 113, 54, 104, 24, 29, 26, 33, 77, 47] ,signature: [1, 1, 1, 1, 1, 0, 1, 1, 0, 1, 1, 1, 0, 1, 1, 0, 1, 1, 1] ),Support: 1
Class: 7.0 , Rule:(neurons: [65, 91, 82, 63, 127, 25, 62, 94, 71, 121, 113, 54, 104, 24, 29, 26, 122, 73] ,signature: [1, 1, 1, 1, 1, 0, 1, 1, 0, 1, 1, 1, 0, 1, 1, 1, 1, 0] ),Support: 1
Class: 7.0 , Rule:(neurons: [65, 91, 82, 63, 127, 25, 62, 94, 71, 121, 113, 54, 104, 4, 57, 24] ,signature: [1, 1, 1, 1, 1, 0, 1, 1, 0, 1, 1, 1, 1, 0, 0, 0] ),Support: 1
Class: 7.0 , Rule:(neurons: [65, 91, 82, 63, 127, 25, 62, 94, 71, 26, 1, 17, 106, 22, 46, 121, 36] ,signature: [1, 1, 1, 1, 1, 0, 1, 1, 1, 0, 0, 0, 1, 1, 1, 1, 0] ),Support: 1
Class: 7.0 , Rule:(neurons: [65, 91, 82, 63, 127, 25, 62, 94, 71, 26, 45, 24, 1, 126, 19, 92, 114, 30] ,signature: [1, 1, 1, 1, 1, 0, 1, 1, 1, 1, 1, 0, 0, 1, 0, 1, 0, 1] ),Support: 1
Class: 7.0 , Rule:(neurons: [65, 91, 82, 63, 127, 25, 62, 94, 71, 26, 45, 24, 1, 92, 116, 114] ,signature: [1, 1, 1, 1, 1, 0, 1, 1, 1, 1, 1, 0, 1, 1, 0, 0] ),Support: 1
Class: 7.0 , Rule:(neurons: [65, 91, 82, 63, 127, 25, 62, 94, 71, 26, 45, 24, 22, 77, 113, 33] ,signature: [1, 1, 1, 1, 1, 0, 1, 1, 1, 1, 1, 1, 1, 0, 0, 0] ),Support: 1
Class: 7.0 , Rule:(neurons: [65, 91, 82, 63, 127, 25, 62, 94, 71, 26, 45, 24, 22, 77, 40, 102, 27] ,signature: [1, 1, 1, 1, 1, 0, 1, 1, 1, 1, 1, 1, 1, 1, 1, 1, 1] ),Support: 1
Class: 7.0 , Rule:(neurons: [65, 91, 82, 63, 127, 25, 1, 14, 79, 61, 35, 45, 43, 47, 8, 114, 13] ,signature: [1, 1, 1, 1, 1, 1, 0, 0, 0, 0, 1, 1, 1, 0, 1, 0, 1] ),Support: 1
Class: 7.0 , Rule:(neurons: [65, 91, 82, 63, 127, 25, 1, 14, 79, 61, 35, 45, 43, 47, 8, 114, 97, 11, 98, 48, 118] ,signature: [1, 1, 1, 1, 1, 1, 0, 0, 0, 0, 1, 1, 1, 0, 1, 1, 1, 0, 1, 1, 1] ),Support: 1
Class: 7.0 , Rule:(neurons: [65, 91, 82, 63, 127, 25, 1, 97, 13, 5, 35, 46] ,signature: [1, 1, 1, 1, 1, 1, 1, 0, 1, 1, 1, 1] ),Support: 1
Class: 7.0 , Rule:(neurons: [65, 91, 82, 63, 127, 25, 1, 97, 11, 71, 78] ,signature: [1, 1, 1, 1, 1, 1, 1, 1, 0, 1, 0] ),Support: 1