100%|¦¦¦¦¦¦¦¦¦¦| 5754/5754 [00:00<00:00, 538129.35it/s]Obtained all paths
PRINTING PURE RULES WITH SUPPORT MORE THAN 100 FOR EVERY LABEL:
Class: 12.0 , Rule:(neurons: [65, 22, 28, 17, 14, 48, 45, 4, 94, 9, 36, 61, 10, 39, 77, 115] ,signature: [0, 0, 0, 1, 0, 1, 1, 1, 0, 1, 0, 1, 0, 1, 0, 1] ),Support: 5
Class: 12.0 , Rule:(neurons: [65, 22, 28, 17, 96, 118, 62, 104, 35, 45, 13, 26, 52, 5, 51, 78, 30, 10] ,signature: [0, 0, 0, 0, 1, 1, 1, 1, 1, 0, 1, 0, 0, 1, 1, 1, 1, 0] ),Support: 4
Class: 12.0 , Rule:(neurons: [65, 22, 28, 17, 14, 48, 45, 4, 61, 89, 46, 36, 124, 76] ,signature: [0, 0, 0, 1, 0, 1, 1, 0, 1, 1, 0, 0, 1, 1] ),Support: 3
Class: 12.0 , Rule:(neurons: [65, 22, 28, 17, 96, 118, 0, 14, 63, 10, 91, 20, 55, 7] ,signature: [0, 0, 0, 0, 1, 0, 1, 1, 1, 0, 1, 0, 0, 0] ),Support: 2
Class: 12.0 , Rule:(neurons: [65, 22, 28, 17, 14, 48, 113, 77, 79, 68, 105, 42, 44, 3] ,signature: [0, 0, 0, 1, 0, 0, 0, 0, 1, 1, 1, 0, 1, 1] ),Support: 2
Class: 12.0 , Rule:(neurons: [65, 22, 28, 17, 14, 48, 45, 113, 20, 36] ,signature: [0, 0, 0, 1, 0, 1, 0, 0, 0, 0] ),Support: 2
Class: 12.0 , Rule:(neurons: [65, 22, 28, 17, 14, 29, 10, 106, 5, 64, 104, 113, 46] ,signature: [0, 0, 0, 1, 1, 1, 0, 0, 0, 0, 0, 0, 1] ),Support: 2

Class: 12.0 , Rule:(neurons: [65, 91, 62, 4, 106, 1, 49, 79, 52, 66, 5, 15, 83, 27, 96] ,signature: [1, 0, 0, 0, 1, 0, 0, 1, 1, 1, 0, 0, 0, 1, 1] ),Support: 2
Class: 12.0 , Rule:(neurons: [65, 91, 62, 4, 106, 1, 49, 79, 52, 66, 5, 15, 83] ,signature: [1, 0, 0, 0, 1, 0, 0, 1, 1, 1, 0, 0, 1] ),Support: 2
Class: 12.0 , Rule:(neurons: [65, 91, 82, 84, 71, 108, 1, 61] ,signature: [1, 1, 0, 0, 1, 0, 1, 1] ),Support: 2
Class: 12.0 , Rule:(neurons: [65, 91, 82, 84, 71, 108, 17, 119, 104, 57, 24, 14] ,signature: [1, 1, 0, 0, 1, 1, 0, 1, 1, 0, 1, 0] ),Support: 2
Class: 12.0 , Rule:(neurons: [65, 22, 28, 17, 96, 62, 45, 29, 43, 34, 126, 105, 26, 21, 3] ,signature: [0, 0, 0, 0, 0, 0, 0, 0, 1, 1, 1, 0, 0, 0, 1] ),Support: 1
Class: 12.0 , Rule:(neurons: [65, 22, 28, 17, 96, 118, 0, 82, 77, 110, 40, 24, 63, 52, 3] ,signature: [0, 0, 0, 0, 1, 0, 0, 1, 0, 0, 0, 1, 0, 0, 1] ),Support: 1
Class: 12.0 , Rule:(neurons: [65, 22, 28, 17, 96, 118, 0, 82, 77, 62, 57, 124, 83, 88, 26] ,signature: [0, 0, 0, 0, 1, 0, 0, 1, 1, 0, 1, 1, 1, 1, 0] ),Support: 1
Class: 12.0 , Rule:(neurons: [65, 22, 28, 17, 96, 118, 0, 82, 77, 62, 38, 66, 49] ,signature: [0, 0, 0, 0, 1, 0, 0, 1, 1, 1, 0, 0, 0] ),Support: 1
Class: 12.0 , Rule:(neurons: [65, 22, 28, 17, 96, 118, 0, 82, 77, 62, 38, 66, 49, 98, 16, 57, 8, 69] ,signature: [0, 0, 0, 0, 1, 0, 0, 1, 1, 1, 0, 0, 1, 0, 1, 0, 0, 1] ),Support: 1
Class: 12.0 , Rule:(neurons: [65, 22, 28, 17, 96, 118, 0, 14, 62, 66, 9, 110, 86, 13, 7, 5] ,signature: [0, 0, 0, 0, 1, 0, 1, 0, 0, 1, 0, 1, 0, 0, 1, 1] ),Support: 1
Class: 12.0 , Rule:(neurons: [65, 22, 28, 17, 96, 118, 0, 14, 62, 94, 122, 25, 34, 11, 57, 20, 127, 69, 68] ,signature: [0, 0, 0, 0, 1, 0, 1, 0, 1, 0, 0, 0, 1, 0, 1, 1, 1, 1, 0] ),Support: 1
Class: 12.0 , Rule:(neurons: [65, 22, 28, 17, 96, 118, 0, 14, 63, 10, 91, 94, 27, 109, 82, 54] ,signature: [0, 0, 0, 0, 1, 0, 1, 1, 1, 0, 0, 1, 0, 1, 0, 0] ),Support: 1
Class: 12.0 , Rule:(neurons: [65, 22, 28, 17, 96, 118, 0, 14, 63, 10, 45, 49, 13, 27, 99, 2, 94, 106] ,signature: [0, 0, 0, 0, 1, 0, 1, 1, 1, 1, 0, 1, 0, 1, 0, 0, 0, 0] ),Support: 1
Class: 12.0 , Rule:(neurons: [65, 22, 28, 17, 96, 118, 0, 14, 63, 10, 45, 113, 40, 47, 52] ,signature: [0, 0, 0, 0, 1, 0, 1, 1, 1, 1, 1, 0, 0, 0, 1] ),Support: 1
Class: 12.0 , Rule:(neurons: [65, 22, 28, 17, 96, 118, 62, 21, 25, 121, 126, 114, 93, 115] ,signature: [0, 0, 0, 0, 1, 1, 0, 0, 1, 0, 1, 0, 1, 1] ),Support: 1
Class: 12.0 , Rule:(neurons: [65, 22, 28, 17, 96, 118, 62, 21, 25, 121, 4, 43, 10] ,signature: [0, 0, 0, 0, 1, 1, 0, 0, 1, 1, 0, 1, 0] ),Support: 1
Class: 12.0 , Rule:(neurons: [65, 22, 28, 17, 96, 118, 62, 104, 122, 106, 69, 10, 13] ,signature: [0, 0, 0, 0, 1, 1, 1, 0, 1, 1, 0, 0, 0] ),Support: 1
Class: 12.0 , Rule:(neurons: [65, 22, 28, 17, 96, 118, 62, 104, 35, 45, 13, 26, 52, 5, 51, 78, 30, 10, 86] ,signature: [0, 0, 0, 0, 1, 1, 1, 1, 1, 0, 1, 0, 0, 1, 1, 1, 1, 1, 0] ),Support: 1
Class: 12.0 , Rule:(neurons: [65, 22, 28, 17, 96, 118, 62, 104, 35, 45, 81, 33, 102, 7] ,signature: [0, 0, 0, 0, 1, 1, 1, 1, 1, 1, 0, 0, 0, 0] ),Support: 1
Class: 12.0 , Rule:(neurons: [65, 22, 28, 17, 14, 48, 113, 77, 79, 122, 102, 20, 104, 86, 3, 38, 40, 124, 39] ,signature: [0, 0, 0, 1, 0, 0, 0, 0, 0, 0, 0, 1, 1, 0, 1, 0, 0, 1, 0] ),Support: 1
Class: 12.0 , Rule:(neurons: [65, 22, 28, 17, 14, 48, 113, 77, 79, 68, 20, 4, 38, 69] ,signature: [0, 0, 0, 1, 0, 0, 0, 0, 1, 0, 0, 1, 1, 1] ),Support: 1
Class: 12.0 , Rule:(neurons: [65, 22, 28, 17, 14, 48, 113, 77, 79, 68, 20, 5, 1, 85, 63] ,signature: [0, 0, 0, 1, 0, 0, 0, 0, 1, 0, 1, 0, 0, 0, 1] ),Support: 1
Class: 12.0 , Rule:(neurons: [65, 22, 28, 17, 14, 48, 113, 77, 79, 68, 20, 5, 1, 85, 83, 3, 26, 66, 96, 10] ,signature: [0, 0, 0, 1, 0, 0, 0, 0, 1, 0, 1, 0, 0, 1, 0, 1, 0, 0, 1, 1] ),Support: 1
Class: 12.0 , Rule:(neurons: [65, 22, 28, 17, 14, 48, 113, 77, 79, 68, 105, 42, 44, 119] ,signature: [0, 0, 0, 1, 0, 0, 0, 0, 1, 1, 1, 0, 0, 0] ),Support: 1
Class: 12.0 , Rule:(neurons: [65, 22, 28, 17, 14, 48, 113, 77, 79, 68, 105, 42, 57, 0] ,signature: [0, 0, 0, 1, 0, 0, 0, 0, 1, 1, 1, 1, 1, 1] ),Support: 1
Class: 12.0 , Rule:(neurons: [65, 22, 28, 17, 14, 48, 113, 77, 27, 35, 20, 88, 3, 51] ,signature: [0, 0, 0, 1, 0, 0, 0, 1, 0, 1, 0, 0, 1, 1] ),Support: 1
Class: 12.0 , Rule:(neurons: [65, 22, 28, 17, 14, 48, 113, 77, 27, 104, 0, 119, 83, 121, 7] ,signature: [0, 0, 0, 1, 0, 0, 0, 1, 1, 0, 0, 1, 1, 0, 0] ),Support: 1
Class: 12.0 , Rule:(neurons: [65, 22, 28, 17, 14, 48, 113, 77, 27, 104, 124, 116, 26, 89, 122, 123, 51, 15] ,signature: [0, 0, 0, 1, 0, 0, 0, 1, 1, 1, 0, 0, 0, 1, 0, 1, 0, 1] ),Support: 1
Class: 12.0 , Rule:(neurons: [65, 22, 28, 17, 14, 48, 113, 77, 27, 104, 124, 116, 102, 68, 75, 79, 94, 115, 118, 38] ,signature: [0, 0, 0, 1, 0, 0, 0, 1, 1, 1, 0, 1, 0, 0, 1, 0, 1, 1, 0, 0] ),Support: 1
Class: 12.0 , Rule:(neurons: [65, 22, 28, 17, 14, 48, 113, 77, 27, 104, 124, 122, 97, 29, 71] ,signature: [0, 0, 0, 1, 0, 0, 0, 1, 1, 1, 1, 1, 0, 1, 0] ),Support: 1
Class: 12.0 , Rule:(neurons: [65, 22, 28, 17, 14, 48, 113, 19, 76, 127, 97, 108, 118, 104, 109, 44] ,signature: [0, 0, 0, 1, 0, 0, 1, 0, 0, 0, 0, 0, 1, 1, 1, 1] ),Support: 1
Class: 12.0 , Rule:(neurons: [65, 22, 28, 17, 14, 48, 113, 19, 76, 127, 104, 0, 102, 20, 13, 11, 97, 114, 26, 73, 61, 84] ,signature: [0, 0, 0, 1, 0, 0, 1, 0, 0, 1, 0, 1, 0, 1, 0, 0, 0, 1, 1, 0, 1, 1] ),Support: 1
Class: 12.0 , Rule:(neurons: [65, 22, 28, 17, 14, 48, 113, 19, 76, 127, 104, 0, 102, 20, 13, 11, 97, 10] ,signature: [0, 0, 0, 1, 0, 0, 1, 0, 0, 1, 0, 1, 0, 1, 0, 0, 1, 0] ),Support: 1
Class: 12.0 , Rule:(neurons: [65, 22, 28, 17, 14, 48, 113, 19, 76, 52, 122, 79, 57, 68, 124, 26] ,signature: [0, 0, 0, 1, 0, 0, 1, 0, 1, 0, 0, 0, 0, 1, 1, 0] ),Support: 1
Class: 12.0 , Rule:(neurons: [65, 22, 28, 17, 14, 48, 113, 19, 105, 61, 62, 11, 91, 104, 26, 114] ,signature: [0, 0, 0, 1, 0, 0, 1, 1, 1, 0, 1, 0, 0, 1, 0, 0] ),Support: 1
Class: 12.0 , Rule:(neurons: [65, 22, 28, 17, 14, 48, 113, 19, 105, 61, 62, 11, 124, 76, 63, 104] ,signature: [0, 0, 0, 1, 0, 0, 1, 1, 1, 0, 1, 1, 1, 0, 0, 1] ),Support: 1
Class: 12.0 , Rule:(neurons: [65, 22, 28, 17, 14, 48, 113, 19, 105, 61, 26, 4, 45, 69, 52, 36, 121] ,signature: [0, 0, 0, 1, 0, 0, 1, 1, 1, 1, 1, 1, 1, 1, 0, 1, 0] ),Support: 1
Class: 12.0 , Rule:(neurons: [65, 22, 28, 17, 14, 48, 45, 4, 61, 84, 127, 16, 121, 92, 88, 13] ,signature: [0, 0, 0, 1, 0, 1, 1, 0, 0, 0, 0, 1, 0, 0, 0, 0] ),Support: 1
Class: 12.0 , Rule:(neurons: [65, 22, 28, 17, 14, 48, 45, 4, 61, 84, 69, 97] ,signature: [0, 0, 0, 1, 0, 1, 1, 0, 0, 1, 1, 1] ),Support: 1
Class: 12.0 , Rule:(neurons: [65, 22, 28, 17, 14, 48, 45, 4, 61, 89, 46, 18] ,signature: [0, 0, 0, 1, 0, 1, 1, 0, 1, 1, 1, 0] ),Support: 1
Class: 12.0 , Rule:(neurons: [65, 22, 28, 17, 14, 48, 45, 4, 94, 9, 44, 110, 57, 63, 122, 106, 39, 52] ,signature: [0, 0, 0, 1, 0, 1, 1, 1, 0, 0, 1, 0, 1, 0, 0, 1, 0, 1] ),Support: 1
Class: 12.0 , Rule:(neurons: [65, 22, 28, 17, 14, 48, 45, 4, 94, 9, 44, 110, 57, 63, 49, 2, 66, 115, 55, 102] ,signature: [0, 0, 0, 1, 0, 1, 1, 1, 0, 0, 1, 0, 1, 1, 0, 1, 1, 1, 0, 0] ),Support: 1
Class: 12.0 , Rule:(neurons: [65, 22, 28, 17, 14, 48, 45, 4, 94, 9, 36, 61, 10, 39, 69] ,signature: [0, 0, 0, 1, 0, 1, 1, 1, 0, 1, 0, 1, 0, 0, 0] ),Support: 1
Class: 12.0 , Rule:(neurons: [65, 22, 28, 17, 14, 48, 45, 4, 94, 127, 99, 113, 35] ,signature: [0, 0, 0, 1, 0, 1, 1, 1, 1, 0, 0, 0, 1] ),Support: 1
Class: 12.0 , Rule:(neurons: [65, 22, 28, 17, 14, 29, 43, 62, 91, 49, 127, 84, 74, 48, 45] ,signature: [0, 0, 0, 1, 1, 0, 1, 1, 0, 0, 0, 0, 0, 0, 1] ),Support: 1
Class: 12.0 , Rule:(neurons: [65, 22, 28, 17, 14, 29, 10, 106, 5, 64, 104, 113, 46, 88] ,signature: [0, 0, 0, 1, 1, 1, 0, 0, 0, 0, 0, 0, 0, 1] ),Support: 1
Class: 12.0 , Rule:(neurons: [65, 22, 28, 17, 14, 29, 10, 106, 5, 64, 104, 113, 61, 21] ,signature: [0, 0, 0, 1, 1, 1, 0, 0, 0, 0, 0, 1, 1, 1] ),Support: 1
Class: 12.0 , Rule:(neurons: [65, 22, 28, 17, 14, 29, 10, 106, 5, 64, 93, 85, 48, 102] ,signature: [0, 0, 0, 1, 1, 1, 0, 0, 0, 1, 1, 0, 1, 1] ),Support: 1
Class: 12.0 , Rule:(neurons: [65, 22, 28, 17, 14, 29, 10, 84, 76, 94, 26, 93, 118, 98, 4, 91, 68, 44] ,signature: [0, 0, 0, 1, 1, 1, 1, 0, 0, 1, 0, 1, 0, 0, 1, 0, 1, 1] ),Support: 1
Class: 12.0 , Rule:(neurons: [65, 22, 28, 17, 14, 29, 10, 84, 76, 62, 94, 66, 63, 13] ,signature: [0, 0, 0, 1, 1, 1, 1, 0, 1, 1, 0, 0, 0, 1] ),Support: 1
Class: 12.0 , Rule:(neurons: [65, 22, 28, 17, 14, 29, 10, 84, 98, 113, 122, 99, 8, 39, 96, 78] ,signature: [0, 0, 0, 1, 1, 1, 1, 1, 0, 0, 1, 1, 0, 1, 0, 0] ),Support: 1
Class: 12.0 , Rule:(neurons: [65, 22, 28, 17, 14, 29, 10, 84, 98, 113, 99, 93, 106, 24] ,signature: [0, 0, 0, 1, 1, 1, 1, 1, 0, 1, 1, 1, 0, 0] ),Support: 1
Class: 12.0 , Rule:(neurons: [65, 22, 28, 19, 68, 116, 45, 77, 39, 8, 31, 17, 52, 127] ,signature: [0, 0, 1, 0, 0, 0, 0, 0, 1, 0, 0, 0, 1, 0] ),Support: 1
Class: 12.0 , Rule:(neurons: [65, 22, 28, 19, 68, 116, 45, 77, 39, 8, 31, 80, 49, 126] ,signature: [0, 0, 1, 0, 0, 0, 0, 0, 1, 0, 1, 1, 0, 0] ),Support: 1
Class: 12.0 , Rule:(neurons: [65, 22, 28, 19, 68, 116, 45, 77, 39, 8, 17, 33, 24, 27, 54] ,signature: [0, 0, 1, 0, 0, 0, 0, 0, 1, 1, 1, 1, 0, 0, 0] ),Support: 1
Class: 12.0 , Rule:(neurons: [65, 22, 28, 19, 68, 116, 8, 104, 79, 24, 54, 122, 102, 119, 48, 121, 46, 109, 55, 57, 62, 36] ,signature: [0, 0, 1, 0, 0, 1, 1, 1, 0, 1, 1, 0, 0, 1, 0, 0, 0, 1, 1, 1, 0, 1] ),Support: 1
Class: 12.0 , Rule:(neurons: [65, 22, 28, 19, 62, 17, 34, 54, 126, 11, 68] ,signature: [0, 0, 1, 1, 0, 0, 1, 0, 0, 0, 0] ),Support: 1
Class: 12.0 , Rule:(neurons: [65, 22, 28, 19, 62, 104, 99, 119, 86, 106, 36, 88] ,signature: [0, 0, 1, 1, 1, 0, 1, 0, 0, 0, 0, 1] ),Support: 1
Class: 12.0 , Rule:(neurons: [65, 22, 61, 26, 67, 68, 28, 83, 80, 116, 82] ,signature: [0, 1, 0, 0, 0, 0, 0, 0, 1, 1, 0] ),Support: 1
Class: 12.0 , Rule:(neurons: [65, 22, 61, 26, 67, 68, 28, 83, 40, 24, 106] ,signature: [0, 1, 0, 0, 0, 0, 0, 1, 0, 1, 0] ),Support: 1
Class: 12.0 , Rule:(neurons: [65, 22, 61, 26, 67, 68, 91, 94, 63, 13, 8, 113, 52, 20, 27, 108, 118] ,signature: [0, 1, 0, 0, 0, 1, 0, 1, 1, 0, 1, 1, 0, 1, 1, 0, 1] ),Support: 1
Class: 12.0 , Rule:(neurons: [65, 22, 61, 26, 67, 68, 91, 10, 52, 29, 106, 44] ,signature: [0, 1, 0, 0, 0, 1, 1, 0, 0, 0, 1, 1] ),Support: 1
Class: 12.0 , Rule:(neurons: [65, 22, 61, 26, 94, 25, 34, 118, 0, 101, 20, 108, 52, 62] ,signature: [0, 1, 0, 1, 0, 0, 1, 0, 1, 1, 1, 0, 0, 0] ),Support: 1
Class: 12.0 , Rule:(neurons: [65, 22, 61, 26, 94, 1, 118, 108, 91, 38, 66, 106, 8, 0, 49] ,signature: [0, 1, 0, 1, 1, 0, 0, 0, 1, 0, 0, 0, 1, 1, 0] ),Support: 1
Class: 12.0 , Rule:(neurons: [65, 22, 61, 26, 94, 1, 118, 108, 25, 16, 119, 11, 127, 57, 8, 24, 84, 78, 110, 0, 73] ,signature: [0, 1, 0, 1, 1, 0, 0, 1, 0, 1, 1, 0, 1, 1, 1, 1, 0, 0, 1, 0, 0] ),Support: 1
Class: 12.0 , Rule:(neurons: [65, 22, 61, 26, 94, 1, 118, 91, 2, 86, 102, 114] ,signature: [0, 1, 0, 1, 1, 1, 1, 1, 0, 1, 1, 1] ),Support: 1
Class: 12.0 , Rule:(neurons: [65, 22, 61, 92, 10, 47, 44, 89, 106, 101, 11, 52] ,signature: [0, 1, 1, 0, 1, 0, 0, 1, 0, 0, 0, 0] ),Support: 1
Class: 12.0 , Rule:(neurons: [65, 91, 62, 4, 106, 19, 0, 89, 42, 68, 64] ,signature: [1, 0, 0, 0, 0, 1, 0, 1, 0, 1, 0] ),Support: 1
Class: 12.0 , Rule:(neurons: [65, 91, 62, 4, 106, 1, 49, 79, 55, 9, 73, 83, 32, 57] ,signature: [1, 0, 0, 0, 1, 0, 0, 0, 0, 1, 0, 0, 1, 1] ),Support: 1
Class: 12.0 , Rule:(neurons: [65, 91, 62, 4, 106, 1, 49, 79, 55, 32, 123, 80, 73, 20, 57] ,signature: [1, 0, 0, 0, 1, 0, 0, 0, 1, 1, 1, 0, 0, 1, 1] ),Support: 1
Class: 12.0 , Rule:(neurons: [65, 91, 62, 4, 106, 1, 49, 79, 52, 77, 27, 126] ,signature: [1, 0, 0, 0, 1, 0, 0, 1, 0, 1, 0, 0] ),Support: 1
Class: 12.0 , Rule:(neurons: [65, 91, 62, 4, 106, 1, 49, 79, 52, 66, 5, 57, 59, 9, 22, 48, 33, 11, 104] ,signature: [1, 0, 0, 0, 1, 0, 0, 1, 1, 1, 1, 1, 0, 1, 0, 1, 1, 1, 0] ),Support: 1
Class: 12.0 , Rule:(neurons: [65, 91, 62, 4, 106, 1, 16, 104, 54, 36, 115, 109, 83, 48, 86] ,signature: [1, 0, 0, 0, 1, 1, 0, 0, 0, 1, 1, 1, 0, 1, 1] ),Support: 1
Class: 12.0 , Rule:(neurons: [65, 91, 62, 4, 106, 1, 16, 104, 55, 76, 97, 84, 77, 26, 102, 69, 29] ,signature: [1, 0, 0, 0, 1, 1, 0, 1, 0, 0, 1, 0, 0, 0, 1, 1, 0] ),Support: 1
Class: 12.0 , Rule:(neurons: [65, 91, 62, 4, 25, 29, 108, 49, 123, 97, 71, 64, 0, 92] ,signature: [1, 0, 0, 1, 0, 1, 1, 0, 1, 0, 0, 0, 1, 0] ),Support: 1
Class: 12.0 , Rule:(neurons: [65, 91, 62, 4, 25, 97, 71, 48, 19, 89, 7] ,signature: [1, 0, 0, 1, 1, 0, 1, 0, 0, 0, 1] ),Support: 1
Class: 12.0 , Rule:(neurons: [65, 91, 62, 4, 25, 97, 71, 48, 19, 89, 43, 86, 27, 84, 104, 80, 83] ,signature: [1, 0, 0, 1, 1, 0, 1, 0, 0, 1, 1, 0, 1, 1, 0, 1, 0] ),Support: 1
Class: 12.0 , Rule:(neurons: [65, 91, 62, 4, 25, 97, 71, 48, 21, 44, 49, 115, 38, 80, 101, 51, 76, 54, 94, 117, 67, 33] ,signature: [1, 0, 0, 1, 1, 0, 1, 1, 0, 1, 0, 1, 0, 1, 0, 0, 0, 1, 0, 1, 1, 1] ),Support: 1
Class: 12.0 , Rule:(neurons: [65, 91, 62, 4, 25, 97, 71, 48, 21, 44, 49, 115, 38, 9, 59, 2, 51, 63, 7, 68, 96] ,signature: [1, 0, 0, 1, 1, 0, 1, 1, 0, 1, 0, 1, 1, 0, 0, 0, 0, 0, 1, 0, 0] ),Support: 1
Class: 12.0 , Rule:(neurons: [65, 91, 62, 4, 25, 97, 71, 48, 21, 44, 49, 115, 38, 9, 59, 2, 106, 63] ,signature: [1, 0, 0, 1, 1, 0, 1, 1, 0, 1, 0, 1, 1, 0, 0, 1, 0, 0] ),Support: 1
Class: 12.0 , Rule:(neurons: [65, 91, 62, 4, 25, 97, 71, 48, 21, 44, 49, 82, 118, 36, 75, 40] ,signature: [1, 0, 0, 1, 1, 0, 1, 1, 0, 1, 1, 0, 0, 0, 0, 0] ),Support: 1
Class: 12.0 , Rule:(neurons: [65, 91, 62, 4, 25, 97, 110, 51, 2, 26, 104, 32, 117, 127, 122, 75] ,signature: [1, 0, 0, 1, 1, 1, 0, 0, 1, 0, 1, 1, 1, 0, 0, 1] ),Support: 1
Class: 12.0 , Rule:(neurons: [65, 91, 62, 25, 1, 94, 63, 45, 2, 32, 13, 47, 20, 108, 42] ,signature: [1, 0, 1, 0, 0, 0, 1, 1, 1, 1, 0, 1, 0, 0, 0] ),Support: 1
Class: 12.0 , Rule:(neurons: [65, 91, 62, 25, 1, 94, 63, 45, 2, 32, 13, 17, 104] ,signature: [1, 0, 1, 0, 0, 0, 1, 1, 1, 1, 1, 1, 1] ),Support: 1
Class: 12.0 , Rule:(neurons: [65, 91, 62, 25, 19, 79, 1, 51, 88, 55, 73, 2, 45, 94, 34, 64, 83, 82, 3] ,signature: [1, 0, 1, 1, 0, 0, 0, 1, 0, 0, 0, 0, 1, 0, 0, 0, 0, 0, 1] ),Support: 1
Class: 12.0 , Rule:(neurons: [65, 91, 62, 25, 19, 79, 1, 51, 88, 55, 73, 2, 45, 94, 34, 64, 78, 21] ,signature: [1, 0, 1, 1, 0, 0, 0, 1, 0, 0, 0, 0, 1, 0, 0, 1, 1, 0] ),Support: 1
Class: 12.0 , Rule:(neurons: [65, 91, 62, 25, 19, 79, 1, 51, 88, 55, 83, 124, 115, 109, 76, 75] ,signature: [1, 0, 1, 1, 0, 0, 0, 1, 0, 1, 0, 1, 1, 0, 1, 1] ),Support: 1
Class: 12.0 , Rule:(neurons: [65, 91, 62, 25, 19, 79, 1, 51, 88, 15, 55, 109, 115, 108, 33, 11, 69] ,signature: [1, 0, 1, 1, 0, 0, 0, 1, 1, 0, 1, 1, 0, 1, 1, 0, 0] ),Support: 1
Class: 12.0 , Rule:(neurons: [65, 91, 62, 25, 19, 79, 21, 4, 5, 113, 3, 13, 126] ,signature: [1, 0, 1, 1, 0, 1, 0, 0, 0, 0, 0, 1, 0] ),Support: 1
Class: 12.0 , Rule:(neurons: [65, 91, 62, 25, 19, 73, 7, 4, 83, 1, 122, 127, 89, 42] ,signature: [1, 0, 1, 1, 1, 0, 0, 0, 0, 0, 0, 1, 1, 1] ),Support: 1
Class: 12.0 , Rule:(neurons: [65, 91, 62, 25, 19, 73, 7, 1, 79, 51, 28, 48] ,signature: [1, 0, 1, 1, 1, 0, 1, 0, 0, 0, 0, 1] ),Support: 1
Class: 12.0 , Rule:(neurons: [65, 91, 62, 25, 19, 73, 4, 102, 85] ,signature: [1, 0, 1, 1, 1, 1, 0, 0, 0] ),Support: 1
Class: 12.0 , Rule:(neurons: [65, 91, 82, 84, 71, 55, 17, 16, 51, 10, 104, 92, 73, 69, 114] ,signature: [1, 1, 0, 0, 0, 0, 0, 0, 1, 0, 0, 0, 1, 0, 1] ),Support: 1
Class: 12.0 , Rule:(neurons: [65, 91, 82, 84, 71, 55, 17, 16, 127, 44, 78] ,signature: [1, 1, 0, 0, 0, 0, 0, 1, 0, 0, 1] ),Support: 1
Class: 12.0 , Rule:(neurons: [65, 91, 82, 84, 71, 55, 17, 16, 127, 44, 35, 52, 124] ,signature: [1, 1, 0, 0, 0, 0, 0, 1, 0, 1, 1, 0, 0] ),Support: 1
Class: 12.0 , Rule:(neurons: [65, 91, 82, 84, 71, 55, 10, 26, 80, 0, 63, 25] ,signature: [1, 1, 0, 0, 0, 1, 1, 0, 0, 0, 0, 0] ),Support: 1
Class: 12.0 , Rule:(neurons: [65, 91, 82, 84, 71, 108, 1, 20, 21, 96, 15, 22, 64] ,signature: [1, 1, 0, 0, 1, 0, 0, 0, 1, 1, 1, 0, 0] ),Support: 1
Class: 12.0 , Rule:(neurons: [65, 91, 82, 84, 71, 108, 17, 119, 104] ,signature: [1, 1, 0, 0, 1, 1, 0, 0, 1] ),Support: 1
Class: 12.0 , Rule:(neurons: [65, 91, 82, 84, 71, 108, 17, 26, 52, 49, 100, 9] ,signature: [1, 1, 0, 0, 1, 1, 1, 0, 0, 0, 0, 1] ),Support: 1
Class: 12.0 , Rule:(neurons: [65, 91, 82, 84, 71, 108, 17, 26, 52, 86, 127, 75, 0, 20] ,signature: [1, 1, 0, 0, 1, 1, 1, 0, 1, 1, 0, 1, 1, 0] ),Support: 1
Class: 12.0 , Rule:(neurons: [65, 91, 82, 84, 71, 108, 17, 26, 55, 121] ,signature: [1, 1, 0, 0, 1, 1, 1, 1, 1, 1] ),Support: 1
Class: 12.0 , Rule:(neurons: [65, 91, 82, 84, 26, 16, 67, 48, 121, 94, 83] ,signature: [1, 1, 0, 1, 0, 1, 0, 1, 1, 0, 1] ),Support: 1
Class: 12.0 , Rule:(neurons: [65, 91, 82, 63, 28, 5, 78, 27, 77, 48, 100, 57, 25, 16, 88] ,signature: [1, 1, 1, 0, 0, 0, 1, 1, 0, 0, 1, 1, 1, 1, 1] ),Support: 1
Class: 12.0 , Rule:(neurons: [65, 91, 82, 63, 127, 86, 108, 14, 122, 115, 40] ,signature: [1, 1, 1, 1, 0, 1, 0, 1, 1, 0, 1] ),Support: 1
Class: 12.0 , Rule:(neurons: [65, 91, 82, 63, 127, 86, 108, 99, 94, 14, 26, 97, 124, 77, 113, 96, 32, 3] ,signature: [1, 1, 1, 1, 0, 1, 1, 0, 0, 0, 1, 0, 1, 1, 1, 1, 1, 0] ),Support: 1
Class: 12.0 , Rule:(neurons: [65, 91, 82, 63, 127, 86, 108, 99, 94, 2, 44, 93, 16, 74, 8, 122, 4, 0, 7, 81] ,signature: [1, 1, 1, 1, 0, 1, 1, 0, 1, 0, 1, 1, 1, 1, 1, 0, 0, 0, 1, 0] ),Support: 1
Class: 12.0 , Rule:(neurons: [65, 91, 82, 63, 127, 25, 62, 94, 71, 121, 116, 13, 29, 16] ,signature: [1, 1, 1, 1, 1, 0, 1, 1, 0, 0, 1, 1, 1, 1] ),Support: 1
Class: 12.0 , Rule:(neurons: [65, 91, 82, 63, 127, 25, 62, 94, 71, 26, 1, 17, 106, 22, 109] ,signature: [1, 1, 1, 1, 1, 0, 1, 1, 1, 0, 0, 0, 1, 0, 0] ),Support: 1
Class: 2.0 , Rule:(neurons: [65, 22, 28, 17, 14, 29, 10, 106, 5, 64, 93, 85, 68, 71, 37, 48, 91, 119, 122] ,signature: [0, 0, 0, 1, 1, 1, 0, 0, 0, 1, 1, 1, 0, 1, 1, 0, 1, 1, 0] ),Support: 1729
Class: 2.0 , Rule:(neurons: [65, 22, 28, 17, 14, 29, 10, 106, 5, 64, 93, 85, 68, 71, 37, 48, 91, 119, 19, 47, 88] ,signature: [0, 0, 0, 1, 1, 1, 0, 0, 0, 1, 1, 1, 0, 1, 1, 0, 1, 0, 0, 1, 0] ),Support: 469
Class: 2.0 , Rule:(neurons: [65, 22, 28, 17, 14, 48, 113, 77, 79, 68, 20, 5, 1, 85, 83, 3, 26, 66, 11] ,signature: [0, 0, 0, 1, 0, 0, 0, 0, 1, 0, 1, 0, 0, 1, 0, 1, 0, 1, 0] ),Support: 425
Class: 2.0 , Rule:(neurons: [65, 22, 28, 17, 14, 29, 10, 106, 5, 64, 93, 85, 68, 71, 37, 48, 91, 118, 46, 55] ,signature: [0, 0, 0, 1, 1, 1, 0, 0, 0, 1, 1, 1, 0, 1, 1, 0, 0, 0, 0, 1] ),Support: 280
Class: 2.0 , Rule:(neurons: [65, 22, 61, 26, 67, 68, 28, 83, 80, 116, 14, 24, 16] ,signature: [0, 1, 0, 0, 0, 0, 0, 0, 1, 0, 1, 1, 1] ),Support: 259
Class: 2.0 , Rule:(neurons: [65, 22, 28, 17, 14, 29, 10, 84, 98, 113, 122, 48, 11, 101] ,signature: [0, 0, 0, 1, 1, 1, 1, 1, 0, 0, 0, 0, 0, 0] ),Support: 184
Class: 2.0 , Rule:(neurons: [65, 22, 28, 17, 14, 29, 10, 106, 5, 64, 93, 85, 68, 71, 37, 48, 91, 119, 122, 69] ,signature: [0, 0, 0, 1, 1, 1, 0, 0, 0, 1, 1, 1, 0, 1, 1, 0, 1, 1, 1, 1] ),Support: 131
Class: 2.0 , Rule:(neurons: [65, 22, 28, 17, 96, 118, 0, 14, 63, 10, 91, 20, 62, 24, 44, 18, 99, 101] ,signature: [0, 0, 0, 0, 1, 0, 1, 1, 1, 0, 1, 1, 1, 1, 0, 1, 0, 1] ),Support: 129
Class: 2.0 , Rule:(neurons: [65, 22, 28, 17, 14, 29, 10, 106, 5, 64, 93, 85, 68, 71, 37, 116, 80, 92] ,signature: [0, 0, 0, 1, 1, 1, 0, 0, 0, 1, 1, 1, 0, 1, 0, 0, 1, 0] ),Support: 116
Class: 2.0 , Rule:(neurons: [65, 22, 61, 92, 10, 69, 85, 4, 62, 28] ,signature: [0, 1, 1, 0, 0, 1, 1, 0, 1, 0] ),Support: 95
Class: 2.0 , Rule:(neurons: [65, 22, 28, 17, 14, 29, 10, 106, 5, 64, 104, 24, 32, 102] ,signature: [0, 0, 0, 1, 1, 1, 0, 0, 0, 0, 1, 1, 1, 0] ),Support: 91
Class: 2.0 , Rule:(neurons: [65, 22, 28, 17, 14, 48, 113, 77, 79, 68, 20, 5, 1, 85, 83, 3, 26, 66, 11, 51, 109] ,signature: [0, 0, 0, 1, 0, 0, 0, 0, 1, 0, 1, 0, 0, 1, 0, 1, 0, 1, 1, 0, 1] ),Support: 82
Class: 2.0 , Rule:(neurons: [65, 22, 28, 17, 14, 29, 10, 106, 5, 64, 93, 85, 68, 110, 55] ,signature: [0, 0, 0, 1, 1, 1, 0, 0, 0, 1, 1, 1, 1, 1, 1] ),Support: 70
Class: 2.0 , Rule:(neurons: [65, 22, 28, 17, 14, 48, 113, 19, 76, 52, 122, 79, 20, 5, 68, 30, 92, 78] ,signature: [0, 0, 0, 1, 0, 0, 1, 0, 1, 0, 0, 1, 1, 0, 0, 1, 0, 1] ),Support: 63
Class: 2.0 , Rule:(neurons: [65, 22, 28, 17, 14, 29, 10, 106, 5, 64, 93, 85, 68, 71, 37, 48, 91, 119, 19, 47, 88, 27] ,signature: [0, 0, 0, 1, 1, 1, 0, 0, 0, 1, 1, 1, 0, 1, 1, 0, 1, 0, 0, 1, 1, 1] ),Support: 46
Class: 2.0 , Rule:(neurons: [65, 22, 28, 17, 14, 29, 10, 84, 76, 62, 94, 98, 102, 68, 93, 25, 44, 4, 83, 31] ,signature: [0, 0, 0, 1, 1, 1, 1, 0, 1, 1, 1, 0, 0, 0, 1, 0, 0, 0, 0, 1] ),Support: 46
Class: 2.0 , Rule:(neurons: [65, 22, 28, 17, 14, 29, 10, 106, 5, 64, 93, 85, 68, 71, 37, 48, 91, 119, 19, 39] ,signature: [0, 0, 0, 1, 1, 1, 0, 0, 0, 1, 1, 1, 0, 1, 1, 0, 1, 0, 1, 0] ),Support: 41
Class: 2.0 , Rule:(neurons: [65, 22, 28, 17, 14, 29, 10, 106, 5, 64, 93, 85, 68, 71, 37, 48, 91, 119, 19, 47, 101] ,signature: [0, 0, 0, 1, 1, 1, 0, 0, 0, 1, 1, 1, 0, 1, 1, 0, 1, 0, 0, 0, 0] ),Support: 40
Class: 2.0 , Rule:(neurons: [65, 22, 28, 17, 14, 29, 10, 84, 98, 113, 99, 93, 106, 24, 4, 76, 66, 68, 83] ,signature: [0, 0, 0, 1, 1, 1, 1, 1, 0, 1, 1, 1, 0, 1, 0, 1, 1, 0, 0] ),Support: 40
Class: 2.0 , Rule:(neurons: [65, 22, 28, 17, 14, 48, 113, 77, 79, 68, 20, 5, 1, 85, 83, 3, 26, 66, 96, 84] ,signature: [0, 0, 0, 1, 0, 0, 0, 0, 1, 0, 1, 0, 0, 1, 0, 1, 0, 0, 0, 1] ),Support: 38
Class: 2.0 , Rule:(neurons: [65, 22, 28, 17, 14, 48, 113, 77, 79, 68, 20, 5, 1, 85, 83, 3, 26, 114, 49] ,signature: [0, 0, 0, 1, 0, 0, 0, 0, 1, 0, 1, 0, 0, 1, 0, 1, 1, 1, 0] ),Support: 38
Class: 2.0 , Rule:(neurons: [65, 22, 28, 17, 14, 48, 113, 77, 27, 35, 20, 4, 16] ,signature: [0, 0, 0, 1, 0, 0, 0, 1, 0, 1, 1, 0, 1] ),Support: 36
Class: 2.0 , Rule:(neurons: [65, 22, 28, 17, 14, 29, 10, 106, 91, 62, 48, 32, 97, 68, 92] ,signature: [0, 0, 0, 1, 1, 1, 0, 1, 1, 1, 0, 1, 0, 0, 0] ),Support: 30
Class: 2.0 , Rule:(neurons: [65, 22, 28, 17, 14, 29, 10, 84, 98, 113, 122, 99, 8] ,signature: [0, 0, 0, 1, 1, 1, 1, 1, 0, 0, 1, 1, 1] ),Support: 29
Class: 2.0 , Rule:(neurons: [65, 91, 82, 84, 26, 16, 67, 48, 109] ,signature: [1, 1, 0, 1, 0, 1, 0, 0, 1] ),Support: 27
Class: 2.0 , Rule:(neurons: [65, 22, 28, 17, 96, 118, 62, 104, 35, 45, 13, 26, 52, 5, 0] ,signature: [0, 0, 0, 0, 1, 1, 1, 1, 1, 0, 1, 0, 0, 0, 1] ),Support: 26
Class: 2.0 , Rule:(neurons: [65, 22, 28, 17, 96, 118, 0, 82, 91, 45, 69, 68, 124] ,signature: [0, 0, 0, 0, 1, 0, 0, 0, 1, 0, 1, 0, 1] ),Support: 25
Class: 2.0 , Rule:(neurons: [65, 22, 28, 17, 14, 48, 113, 19, 105, 62, 127, 5, 78, 38] ,signature: [0, 0, 0, 1, 0, 0, 1, 1, 0, 1, 0, 0, 1, 0] ),Support: 25
Class: 2.0 , Rule:(neurons: [65, 22, 28, 17, 14, 29, 10, 106, 5, 115, 108, 118, 110] ,signature: [0, 0, 0, 1, 1, 1, 0, 0, 1, 1, 0, 0, 1] ),Support: 25
Class: 2.0 , Rule:(neurons: [65, 22, 61, 26, 67, 68, 91, 10, 52, 29, 37] ,signature: [0, 1, 0, 0, 0, 1, 1, 0, 0, 1, 1] ),Support: 25
Class: 2.0 , Rule:(neurons: [65, 22, 61, 26, 67, 68, 28, 83, 80, 116, 14, 24, 16, 82] ,signature: [0, 1, 0, 0, 0, 0, 0, 0, 1, 0, 1, 1, 0, 0] ),Support: 23
Class: 2.0 , Rule:(neurons: [65, 22, 28, 17, 14, 48, 113, 77, 79, 68, 20, 5, 1, 85, 83, 3, 93, 122, 26] ,signature: [0, 0, 0, 1, 0, 0, 0, 0, 1, 0, 1, 0, 0, 1, 1, 1, 1, 0, 0] ),Support: 22
Class: 2.0 , Rule:(neurons: [65, 22, 28, 17, 14, 48, 113, 77, 79, 68, 20, 5, 78, 29, 25] ,signature: [0, 0, 0, 1, 0, 0, 0, 0, 1, 0, 1, 1, 1, 1, 1] ),Support: 19
Class: 2.0 , Rule:(neurons: [65, 22, 28, 17, 14, 48, 113, 77, 79, 68, 20, 5, 1, 85, 83, 3, 73, 118] ,signature: [0, 0, 0, 1, 0, 0, 0, 0, 1, 0, 1, 0, 0, 1, 0, 0, 1, 0] ),Support: 17
Class: 2.0 , Rule:(neurons: [65, 22, 28, 17, 14, 29, 10, 106, 5, 64, 93, 85, 68, 71, 37, 48, 79] ,signature: [0, 0, 0, 1, 1, 1, 0, 0, 0, 1, 1, 1, 0, 1, 1, 1, 1] ),Support: 17
Class: 2.0 , Rule:(neurons: [65, 22, 28, 17, 14, 29, 10, 106, 5, 64, 93, 85, 68, 71, 37, 48, 91, 118, 46, 55, 51] ,signature: [0, 0, 0, 1, 1, 1, 0, 0, 0, 1, 1, 1, 0, 1, 1, 0, 0, 0, 0, 0, 1] ),Support: 16
Class: 2.0 , Rule:(neurons: [65, 22, 28, 17, 96, 118, 0, 14, 63, 10, 45, 49, 83, 79] ,signature: [0, 0, 0, 0, 1, 0, 1, 1, 1, 1, 0, 0, 0, 0] ),Support: 15
Class: 2.0 , Rule:(neurons: [65, 22, 28, 17, 14, 48, 113, 19, 76, 52, 62, 27, 118, 30, 96, 68] ,signature: [0, 0, 0, 1, 0, 0, 1, 0, 1, 1, 1, 0, 0, 1, 1, 0] ),Support: 14
Class: 2.0 , Rule:(neurons: [65, 22, 28, 17, 14, 29, 10, 84, 76, 62, 94, 66, 0, 24, 99] ,signature: [0, 0, 0, 1, 1, 1, 1, 0, 1, 1, 0, 1, 1, 1, 1] ),Support: 14
Class: 2.0 , Rule:(neurons: [65, 22, 28, 17, 14, 29, 10, 84, 98, 113, 99, 93, 106, 24, 4, 76, 66, 126, 124] ,signature: [0, 0, 0, 1, 1, 1, 1, 1, 0, 1, 1, 1, 0, 1, 0, 1, 0, 1, 0] ),Support: 14
Class: 2.0 , Rule:(neurons: [65, 22, 28, 17, 14, 29, 10, 106, 5, 64, 93, 85, 68, 71, 37, 116, 80, 92, 99] ,signature: [0, 0, 0, 1, 1, 1, 0, 0, 0, 1, 1, 1, 0, 1, 0, 0, 1, 1, 1] ),Support: 13
Class: 2.0 , Rule:(neurons: [65, 22, 28, 17, 14, 29, 10, 106, 5, 64, 93, 85, 68, 71, 37, 48, 91, 118, 46, 110] ,signature: [0, 0, 0, 1, 1, 1, 0, 0, 0, 1, 1, 1, 0, 1, 1, 0, 0, 0, 1, 1] ),Support: 13
Class: 2.0 , Rule:(neurons: [65, 22, 61, 26, 67, 68, 28, 83, 80, 116, 14, 24, 99, 92] ,signature: [0, 1, 0, 0, 0, 0, 0, 0, 1, 0, 1, 0, 0, 0] ),Support: 13
Class: 2.0 , Rule:(neurons: [65, 22, 28, 17, 96, 118, 0, 14, 63, 10, 91, 20, 62, 24, 44, 18, 99, 101, 27] ,signature: [0, 0, 0, 0, 1, 0, 1, 1, 1, 0, 1, 1, 1, 1, 0, 1, 0, 0, 0] ),Support: 12
Class: 2.0 , Rule:(neurons: [65, 22, 28, 17, 14, 48, 113, 77, 79, 122, 102, 20, 104, 86, 3, 38, 40, 124, 89] ,signature: [0, 0, 0, 1, 0, 0, 0, 0, 0, 0, 0, 1, 1, 0, 1, 0, 0, 0, 1] ),Support: 12
Class: 2.0 , Rule:(neurons: [65, 22, 28, 17, 14, 48, 113, 19, 105, 62, 44, 13, 1, 74, 76] ,signature: [0, 0, 0, 1, 0, 0, 1, 1, 0, 0, 1, 1, 0, 1, 1] ),Support: 12
Class: 2.0 , Rule:(neurons: [65, 22, 28, 17, 14, 48, 113, 19, 105, 61, 26, 36, 20] ,signature: [0, 0, 0, 1, 0, 0, 1, 1, 1, 1, 0, 0, 1] ),Support: 12
Class: 2.0 , Rule:(neurons: [65, 22, 28, 17, 14, 48, 45, 4, 94, 9, 44, 27, 68, 52] ,signature: [0, 0, 0, 1, 0, 1, 1, 1, 0, 0, 0, 1, 0, 0] ),Support: 12
Class: 2.0 , Rule:(neurons: [65, 22, 61, 26, 94, 1, 118, 108, 91, 38, 68, 116, 34] ,signature: [0, 1, 0, 1, 1, 0, 0, 0, 1, 1, 0, 0, 1] ),Support: 12
Class: 2.0 , Rule:(neurons: [65, 91, 62, 25, 19, 79, 21, 4, 5, 113, 3] ,signature: [1, 0, 1, 1, 0, 1, 0, 0, 0, 0, 1] ),Support: 12
Class: 2.0 , Rule:(neurons: [65, 22, 28, 17, 96, 118, 0, 14, 63, 10, 45, 49, 13, 69, 5, 108, 8] ,signature: [0, 0, 0, 0, 1, 0, 1, 1, 1, 1, 0, 1, 1, 1, 0, 0, 0] ),Support: 11
Class: 2.0 , Rule:(neurons: [65, 22, 28, 17, 14, 48, 113, 19, 105, 61, 62, 49, 52, 34, 39, 64] ,signature: [0, 0, 0, 1, 0, 0, 1, 1, 1, 0, 0, 0, 0, 0, 0, 1] ),Support: 11
Class: 2.0 , Rule:(neurons: [65, 22, 28, 17, 14, 29, 10, 84, 76, 62, 94, 98, 102, 68, 93, 25, 44, 4, 63, 39, 2] ,signature: [0, 0, 0, 1, 1, 1, 1, 0, 1, 1, 1, 0, 0, 0, 1, 0, 0, 1, 1, 1, 0] ),Support: 11
Class: 2.0 , Rule:(neurons: [65, 22, 28, 17, 96, 118, 0, 82, 77, 110, 29, 117, 123, 4, 14, 69, 113, 63, 16] ,signature: [0, 0, 0, 0, 1, 0, 0, 1, 0, 1, 1, 1, 1, 1, 1, 1, 0, 1, 1] ),Support: 10
Class: 2.0 , Rule:(neurons: [65, 22, 28, 17, 96, 118, 0, 14, 62, 94, 122, 25, 61] ,signature: [0, 0, 0, 0, 1, 0, 1, 0, 1, 0, 0, 1, 1] ),Support: 10
Class: 2.0 , Rule:(neurons: [65, 22, 28, 17, 14, 29, 10, 84, 76, 62, 94, 98, 102, 68, 93, 25, 44, 4, 83, 43, 2] ,signature: [0, 0, 0, 1, 1, 1, 1, 0, 1, 1, 1, 0, 0, 0, 1, 0, 0, 0, 1, 1, 0] ),Support: 10
Class: 2.0 , Rule:(neurons: [65, 22, 28, 19, 62, 104, 99, 119, 86, 106, 36, 33] ,signature: [0, 0, 1, 1, 1, 0, 1, 0, 0, 0, 1, 0] ),Support: 10
Class: 2.0 , Rule:(neurons: [65, 91, 62, 25, 19, 73, 4, 102, 85] ,signature: [1, 0, 1, 1, 1, 1, 0, 0, 1] ),Support: 10
Class: 2.0 , Rule:(neurons: [65, 22, 28, 17, 96, 118, 0, 14, 63, 10, 91, 20, 62, 24, 44, 18, 99, 94] ,signature: [0, 0, 0, 0, 1, 0, 1, 1, 1, 0, 1, 1, 1, 1, 0, 1, 1, 1] ),Support: 9
Class: 2.0 , Rule:(neurons: [65, 22, 28, 17, 96, 118, 0, 14, 63, 10, 91, 20, 62, 24, 44, 7, 48] ,signature: [0, 0, 0, 0, 1, 0, 1, 1, 1, 0, 1, 1, 1, 1, 1, 0, 0] ),Support: 9
Class: 2.0 , Rule:(neurons: [65, 22, 28, 17, 14, 48, 113, 77, 79, 68, 20, 4, 62] ,signature: [0, 0, 0, 1, 0, 0, 0, 0, 1, 0, 0, 0, 1] ),Support: 9
Class: 2.0 , Rule:(neurons: [65, 22, 28, 17, 14, 48, 113, 19, 76, 52, 122, 39, 93, 45, 66] ,signature: [0, 0, 0, 1, 0, 0, 1, 0, 1, 0, 1, 0, 1, 0, 1] ),Support: 9
Class: 2.0 , Rule:(neurons: [65, 22, 28, 17, 14, 48, 45, 113, 20, 75, 55, 77] ,signature: [0, 0, 0, 1, 0, 1, 0, 0, 1, 1, 1, 0] ),Support: 9
Class: 2.0 , Rule:(neurons: [65, 22, 28, 17, 96, 118, 62, 104, 122, 20, 91, 36, 126, 52] ,signature: [0, 0, 0, 0, 1, 1, 1, 0, 0, 1, 1, 0, 0, 0] ),Support: 8
Class: 2.0 , Rule:(neurons: [65, 22, 28, 17, 14, 48, 113, 77, 79, 68, 20, 5, 1, 85, 83, 3, 26, 66, 11, 51, 109, 57] ,signature: [0, 0, 0, 1, 0, 0, 0, 0, 1, 0, 1, 0, 0, 1, 0, 1, 0, 1, 1, 0, 0, 1] ),Support: 8
Class: 2.0 , Rule:(neurons: [65, 22, 28, 17, 14, 48, 113, 19, 105, 62, 44, 66, 91, 26, 78] ,signature: [0, 0, 0, 1, 0, 0, 1, 1, 0, 0, 0, 1, 1, 0, 1] ),Support: 8
Class: 2.0 , Rule:(neurons: [65, 22, 28, 17, 14, 48, 45, 4, 61, 89, 46, 18] ,signature: [0, 0, 0, 1, 0, 1, 1, 0, 1, 1, 1, 1] ),Support: 8
Class: 2.0 , Rule:(neurons: [65, 22, 28, 17, 14, 29, 10, 106, 91, 62, 48, 32, 97, 68, 92, 126] ,signature: [0, 0, 0, 1, 1, 1, 0, 1, 1, 1, 0, 1, 0, 0, 1, 1] ),Support: 8
Class: 2.0 , Rule:(neurons: [65, 91, 62, 4, 106, 1, 49, 79, 52, 66, 5, 15, 83, 27, 77] ,signature: [1, 0, 0, 0, 1, 0, 0, 1, 1, 1, 0, 0, 0, 0, 0] ),Support: 8
Class: 2.0 , Rule:(neurons: [65, 91, 82, 84, 71, 108, 1, 20, 100, 63, 21] ,signature: [1, 1, 0, 0, 1, 0, 0, 1, 1, 1, 0] ),Support: 8
Class: 2.0 , Rule:(neurons: [65, 22, 28, 17, 96, 62, 74, 122, 45, 104, 8] ,signature: [0, 0, 0, 0, 0, 1, 1, 0, 0, 1, 0] ),Support: 7
Class: 2.0 , Rule:(neurons: [65, 22, 28, 17, 96, 118, 0, 82, 77, 110, 29, 117, 123, 4, 119, 113, 5, 48] ,signature: [0, 0, 0, 0, 1, 0, 0, 1, 0, 1, 1, 1, 1, 0, 1, 0, 0, 0] ),Support: 7
Class: 2.0 , Rule:(neurons: [65, 22, 28, 17, 96, 118, 0, 14, 62, 66, 9, 21, 7] ,signature: [0, 0, 0, 0, 1, 0, 1, 0, 0, 1, 1, 0, 0] ),Support: 7
Class: 2.0 , Rule:(neurons: [65, 22, 28, 17, 14, 48, 113, 77, 79, 68, 20, 5, 1, 85, 83, 3, 26, 66, 96, 84, 104] ,signature: [0, 0, 0, 1, 0, 0, 0, 0, 1, 0, 1, 0, 0, 1, 0, 1, 0, 0, 0, 0, 1] ),Support: 7
Class: 2.0 , Rule:(neurons: [65, 22, 28, 17, 14, 48, 113, 77, 79, 68, 20, 5, 1, 85, 83, 3, 26, 66, 11, 51, 116] ,signature: [0, 0, 0, 1, 0, 0, 0, 0, 1, 0, 1, 0, 0, 1, 0, 1, 0, 1, 1, 1, 0] ),Support: 7
Class: 2.0 , Rule:(neurons: [65, 22, 28, 17, 14, 48, 113, 19, 76, 52, 122, 79, 57, 68, 27, 104] ,signature: [0, 0, 0, 1, 0, 0, 1, 0, 1, 0, 0, 0, 0, 0, 0, 1] ),Support: 7
Class: 2.0 , Rule:(neurons: [65, 22, 28, 17, 14, 29, 10, 106, 5, 64, 104, 113, 46, 88] ,signature: [0, 0, 0, 1, 1, 1, 0, 0, 0, 0, 0, 0, 0, 0] ),Support: 7
Class: 2.0 , Rule:(neurons: [65, 22, 28, 17, 14, 29, 10, 106, 5, 64, 93, 85, 68, 71, 37, 48, 91, 118, 18] ,signature: [0, 0, 0, 1, 1, 1, 0, 0, 0, 1, 1, 1, 0, 1, 1, 0, 0, 1, 1] ),Support: 7
Class: 2.0 , Rule:(neurons: [65, 22, 28, 17, 14, 29, 10, 84, 76, 94, 26, 93, 118, 98, 4, 91, 127] ,signature: [0, 0, 0, 1, 1, 1, 1, 0, 0, 1, 0, 1, 0, 0, 0, 1, 0] ),Support: 7
Class: 2.0 , Rule:(neurons: [65, 22, 28, 17, 14, 29, 10, 84, 98, 113, 122, 48, 11, 105] ,signature: [0, 0, 0, 1, 1, 1, 1, 1, 0, 0, 0, 0, 1, 1] ),Support: 7
Class: 2.0 , Rule:(neurons: [65, 22, 28, 17, 14, 29, 10, 84, 98, 113, 99, 93, 106, 24, 4, 25] ,signature: [0, 0, 0, 1, 1, 1, 1, 1, 0, 1, 1, 1, 0, 1, 1, 1] ),Support: 7
Class: 2.0 , Rule:(neurons: [65, 91, 82, 63, 127, 86, 108, 14, 122] ,signature: [1, 1, 1, 1, 0, 1, 0, 1, 0] ),Support: 7
Class: 2.0 , Rule:(neurons: [65, 22, 28, 17, 96, 62, 74, 122, 108, 13, 116] ,signature: [0, 0, 0, 0, 0, 1, 1, 1, 0, 1, 1] ),Support: 6
Class: 2.0 , Rule:(neurons: [65, 22, 28, 17, 96, 118, 0, 14, 63, 10, 91, 94, 27] ,signature: [0, 0, 0, 0, 1, 0, 1, 1, 1, 0, 0, 1, 1] ),Support: 6
Class: 2.0 , Rule:(neurons: [65, 22, 28, 17, 96, 118, 0, 14, 63, 10, 91, 20, 62, 24, 113] ,signature: [0, 0, 0, 0, 1, 0, 1, 1, 1, 0, 1, 1, 1, 0, 0] ),Support: 6
Class: 2.0 , Rule:(neurons: [65, 22, 28, 17, 96, 118, 62, 104, 122, 106, 14, 63] ,signature: [0, 0, 0, 0, 1, 1, 1, 0, 1, 0, 1, 1] ),Support: 6
Class: 2.0 , Rule:(neurons: [65, 22, 28, 17, 14, 48, 113, 77, 79, 122, 102, 25, 80, 99, 2] ,signature: [0, 0, 0, 1, 0, 0, 0, 0, 0, 0, 1, 1, 1, 1, 0] ),Support: 6
Class: 2.0 , Rule:(neurons: [65, 22, 28, 17, 14, 48, 113, 77, 27, 104, 124, 116, 26, 89, 122, 123, 51] ,signature: [0, 0, 0, 1, 0, 0, 0, 1, 1, 1, 0, 0, 0, 1, 0, 1, 1] ),Support: 6
Class: 2.0 , Rule:(neurons: [65, 22, 28, 17, 14, 48, 113, 19, 105, 61, 62, 11, 91, 79] ,signature: [0, 0, 0, 1, 0, 0, 1, 1, 1, 0, 1, 0, 1, 1] ),Support: 6
Class: 2.0 , Rule:(neurons: [65, 22, 28, 17, 14, 29, 43, 62, 91, 26, 44] ,signature: [0, 0, 0, 1, 1, 0, 1, 1, 1, 0, 0] ),Support: 6
Class: 2.0 , Rule:(neurons: [65, 22, 28, 17, 14, 29, 10, 106, 5, 64, 93, 85, 68, 71, 79] ,signature: [0, 0, 0, 1, 1, 1, 0, 0, 0, 1, 1, 1, 0, 0, 0] ),Support: 6
Class: 2.0 , Rule:(neurons: [65, 22, 28, 17, 14, 29, 10, 106, 5, 64, 93, 85, 68, 71, 37, 116, 80, 3] ,signature: [0, 0, 0, 1, 1, 1, 0, 0, 0, 1, 1, 1, 0, 1, 0, 0, 0, 1] ),Support: 6
Class: 2.0 , Rule:(neurons: [65, 22, 28, 17, 14, 29, 10, 106, 5, 64, 93, 85, 68, 71, 37, 48, 91, 119, 19, 47, 88, 27, 92] ,signature: [0, 0, 0, 1, 1, 1, 0, 0, 0, 1, 1, 1, 0, 1, 1, 0, 1, 0, 0, 1, 1, 0, 1] ),Support: 6
Class: 2.0 , Rule:(neurons: [65, 22, 28, 17, 14, 29, 10, 106, 5, 64, 93, 85, 68, 71, 37, 48, 91, 119, 122, 69, 92] ,signature: [0, 0, 0, 1, 1, 1, 0, 0, 0, 1, 1, 1, 0, 1, 1, 0, 1, 1, 1, 0, 1] ),Support: 6
Class: 2.0 , Rule:(neurons: [65, 22, 28, 17, 14, 29, 10, 84, 76, 62, 94, 98, 102, 68, 93, 25, 44, 4, 83, 31, 99] ,signature: [0, 0, 0, 1, 1, 1, 1, 0, 1, 1, 1, 0, 0, 0, 1, 0, 0, 0, 0, 0, 1] ),Support: 6
Class: 2.0 , Rule:(neurons: [65, 91, 62, 4, 106, 19, 0, 89, 42, 68] ,signature: [1, 0, 0, 0, 0, 1, 0, 1, 0, 0] ),Support: 6
Class: 2.0 , Rule:(neurons: [65, 91, 82, 63, 127, 86, 62, 14, 55] ,signature: [1, 1, 1, 1, 0, 0, 1, 1, 1] ),Support: 6
Class: 2.0 , Rule:(neurons: [65, 22, 28, 17, 96, 118, 0, 82, 91, 45, 44, 63, 16] ,signature: [0, 0, 0, 0, 1, 0, 0, 0, 1, 1, 0, 1, 1] ),Support: 5
Class: 2.0 , Rule:(neurons: [65, 22, 28, 17, 14, 48, 113, 77, 79, 68, 20, 5, 1, 85, 83, 3, 93, 122, 61] ,signature: [0, 0, 0, 1, 0, 0, 0, 0, 1, 0, 1, 0, 0, 1, 1, 1, 1, 1, 1] ),Support: 5
Class: 2.0 , Rule:(neurons: [65, 22, 28, 17, 14, 48, 113, 77, 79, 68, 105, 42, 44, 119] ,signature: [0, 0, 0, 1, 0, 0, 0, 0, 1, 1, 1, 0, 0, 1] ),Support: 5
Class: 2.0 , Rule:(neurons: [65, 22, 28, 17, 14, 48, 113, 19, 76, 52, 122, 79, 20, 5, 68, 30, 92, 99, 7] ,signature: [0, 0, 0, 1, 0, 0, 1, 0, 1, 0, 0, 1, 1, 0, 0, 1, 1, 1, 1] ),Support: 5
Class: 2.0 , Rule:(neurons: [65, 22, 28, 17, 14, 48, 113, 19, 76, 52, 62, 51, 38, 82, 9] ,signature: [0, 0, 0, 1, 0, 0, 1, 0, 1, 1, 0, 1, 0, 0, 1] ),Support: 5
Class: 2.0 , Rule:(neurons: [65, 22, 28, 17, 14, 29, 10, 106, 5, 64, 93, 85, 48] ,signature: [0, 0, 0, 1, 1, 1, 0, 0, 0, 1, 1, 0, 0] ),Support: 5
Class: 2.0 , Rule:(neurons: [65, 22, 28, 17, 14, 29, 10, 106, 5, 64, 93, 85, 68, 110, 55, 73, 9] ,signature: [0, 0, 0, 1, 1, 1, 0, 0, 0, 1, 1, 1, 1, 1, 0, 0, 0] ),Support: 5
Class: 2.0 , Rule:(neurons: [65, 22, 28, 17, 14, 29, 10, 84, 98, 113, 122, 48, 11, 101, 88] ,signature: [0, 0, 0, 1, 1, 1, 1, 1, 0, 0, 0, 0, 0, 1, 0] ),Support: 5
Class: 2.0 , Rule:(neurons: [65, 22, 61, 92, 10, 69, 68] ,signature: [0, 1, 1, 0, 0, 0, 0] ),Support: 5
Class: 2.0 , Rule:(neurons: [65, 91, 82, 84, 71, 108, 17, 26, 52, 49, 100] ,signature: [1, 1, 0, 0, 1, 1, 1, 0, 0, 0, 1] ),Support: 5
Class: 2.0 , Rule:(neurons: [65, 22, 28, 17, 96, 62, 74, 122, 45, 104, 34, 29, 14, 106, 33] ,signature: [0, 0, 0, 0, 0, 1, 1, 0, 0, 0, 1, 1, 1, 0, 1] ),Support: 4
Class: 2.0 , Rule:(neurons: [65, 22, 28, 17, 96, 118, 0, 14, 63, 10, 91, 20, 62, 24, 44, 18, 101] ,signature: [0, 0, 0, 0, 1, 0, 1, 1, 1, 0, 1, 1, 1, 1, 0, 0, 1] ),Support: 4
Class: 2.0 , Rule:(neurons: [65, 22, 28, 17, 96, 118, 62, 21, 25, 121, 126] ,signature: [0, 0, 0, 0, 1, 1, 0, 0, 1, 0, 0] ),Support: 4
Class: 2.0 , Rule:(neurons: [65, 22, 28, 17, 14, 48, 113, 77, 79, 122, 102, 20, 104, 86, 3, 38, 40, 124, 39, 84] ,signature: [0, 0, 0, 1, 0, 0, 0, 0, 0, 0, 0, 1, 1, 0, 1, 0, 0, 1, 1, 0] ),Support: 4
Class: 2.0 , Rule:(neurons: [65, 22, 28, 17, 14, 48, 113, 19, 76, 127, 97, 108, 118, 4, 114, 42] ,signature: [0, 0, 0, 1, 0, 0, 1, 0, 0, 0, 0, 0, 0, 0, 0, 0] ),Support: 4
Class: 2.0 , Rule:(neurons: [65, 22, 28, 17, 14, 48, 113, 19, 76, 52, 122, 79, 20, 5, 104, 7, 78] ,signature: [0, 0, 0, 1, 0, 0, 1, 0, 1, 0, 0, 1, 1, 1, 1, 1, 1] ),Support: 4
Class: 2.0 , Rule:(neurons: [65, 22, 28, 17, 14, 48, 113, 19, 105, 61, 26, 36, 91] ,signature: [0, 0, 0, 1, 0, 0, 1, 1, 1, 1, 0, 1, 1] ),Support: 4
Class: 2.0 , Rule:(neurons: [65, 22, 28, 17, 14, 48, 45, 4, 61, 89, 46, 36, 124, 5, 38] ,signature: [0, 0, 0, 1, 0, 1, 1, 0, 1, 1, 0, 0, 0, 0, 0] ),Support: 4
Class: 2.0 , Rule:(neurons: [65, 22, 28, 17, 14, 29, 10, 106, 5, 64, 93, 85, 68, 71, 37, 48, 91, 119, 19, 47, 101, 92] ,signature: [0, 0, 0, 1, 1, 1, 0, 0, 0, 1, 1, 1, 0, 1, 1, 0, 1, 0, 0, 0, 1, 0] ),Support: 4
Class: 2.0 , Rule:(neurons: [65, 22, 28, 17, 14, 29, 10, 84, 98, 113, 99, 26, 69, 7] ,signature: [0, 0, 0, 1, 1, 1, 1, 1, 0, 1, 0, 0, 1, 1] ),Support: 4
Class: 2.0 , Rule:(neurons: [65, 22, 28, 17, 14, 29, 10, 84, 98, 77, 0, 9] ,signature: [0, 0, 0, 1, 1, 1, 1, 1, 1, 0, 1, 0] ),Support: 4
Class: 2.0 , Rule:(neurons: [65, 22, 61, 92, 10, 69, 85, 4, 62, 28, 3] ,signature: [0, 1, 1, 0, 0, 1, 1, 0, 1, 1, 1] ),Support: 4
Class: 2.0 , Rule:(neurons: [65, 22, 61, 92, 47, 108, 99, 121, 91, 18] ,signature: [0, 1, 1, 1, 1, 0, 1, 0, 1, 1] ),Support: 4
Class: 2.0 , Rule:(neurons: [65, 22, 28, 17, 96, 118, 0, 82, 91, 45, 69, 40] ,signature: [0, 0, 0, 0, 1, 0, 0, 0, 1, 0, 0, 1] ),Support: 3
Class: 2.0 , Rule:(neurons: [65, 22, 28, 17, 96, 118, 0, 82, 77, 110, 29, 117, 48] ,signature: [0, 0, 0, 0, 1, 0, 0, 1, 0, 1, 1, 0, 0] ),Support: 3
Class: 2.0 , Rule:(neurons: [65, 22, 28, 17, 96, 118, 0, 82, 77, 62, 38, 66, 113] ,signature: [0, 0, 0, 0, 1, 0, 0, 1, 1, 1, 0, 1, 0] ),Support: 3
Class: 2.0 , Rule:(neurons: [65, 22, 28, 17, 96, 118, 0, 14, 63, 119, 9] ,signature: [0, 0, 0, 0, 1, 0, 1, 1, 0, 0, 1] ),Support: 3
Class: 2.0 , Rule:(neurons: [65, 22, 28, 17, 96, 118, 0, 14, 63, 10, 45, 49, 83, 79, 108] ,signature: [0, 0, 0, 0, 1, 0, 1, 1, 1, 1, 0, 0, 0, 1, 0] ),Support: 3
Class: 2.0 , Rule:(neurons: [65, 22, 28, 17, 96, 118, 62, 104, 35, 45, 13, 26, 52, 5, 51, 78, 102] ,signature: [0, 0, 0, 0, 1, 1, 1, 1, 1, 0, 1, 0, 0, 1, 1, 0, 0] ),Support: 3
Class: 2.0 , Rule:(neurons: [65, 22, 28, 17, 14, 48, 113, 77, 79, 122, 102, 20, 104, 110, 124, 21, 52] ,signature: [0, 0, 0, 1, 0, 0, 0, 0, 0, 0, 0, 1, 0, 1, 0, 0, 0] ),Support: 3
Class: 2.0 , Rule:(neurons: [65, 22, 28, 17, 14, 48, 113, 77, 79, 122, 102, 20, 104, 86, 3, 38, 40, 124, 89, 62] ,signature: [0, 0, 0, 1, 0, 0, 0, 0, 0, 0, 0, 1, 1, 0, 1, 0, 0, 0, 0, 0] ),Support: 3
Class: 2.0 , Rule:(neurons: [65, 22, 28, 17, 14, 48, 113, 77, 79, 122, 102, 20, 104, 86, 11, 47] ,signature: [0, 0, 0, 1, 0, 0, 0, 0, 0, 0, 0, 1, 1, 1, 0, 0] ),Support: 3
Class: 2.0 , Rule:(neurons: [65, 22, 28, 17, 14, 48, 113, 77, 79, 68, 20, 4, 62, 52, 9, 82] ,signature: [0, 0, 0, 1, 0, 0, 0, 0, 1, 0, 0, 0, 0, 1, 1, 0] ),Support: 3
Class: 2.0 , Rule:(neurons: [65, 22, 28, 17, 14, 48, 113, 77, 79, 68, 20, 5, 1, 108] ,signature: [0, 0, 0, 1, 0, 0, 0, 0, 1, 0, 1, 0, 1, 0] ),Support: 3
Class: 2.0 , Rule:(neurons: [65, 22, 28, 17, 14, 48, 113, 19, 76, 127, 97, 108, 91, 5, 122, 124] ,signature: [0, 0, 0, 1, 0, 0, 1, 0, 0, 0, 0, 1, 1, 0, 0, 1] ),Support: 3
Class: 2.0 , Rule:(neurons: [65, 22, 28, 17, 14, 48, 113, 19, 76, 127, 104, 57, 34, 36, 80, 96] ,signature: [0, 0, 0, 1, 0, 0, 1, 0, 0, 1, 1, 1, 1, 1, 1, 1] ),Support: 3
Class: 2.0 , Rule:(neurons: [65, 22, 28, 17, 14, 48, 113, 19, 76, 52, 122, 79, 57, 68, 27, 18] ,signature: [0, 0, 0, 1, 0, 0, 1, 0, 1, 0, 0, 0, 0, 0, 1, 0] ),Support: 3
Class: 2.0 , Rule:(neurons: [65, 22, 28, 17, 14, 48, 113, 19, 76, 52, 122, 79, 57, 104, 31, 10] ,signature: [0, 0, 0, 1, 0, 0, 1, 0, 1, 0, 0, 0, 1, 0, 0, 0] ),Support: 3
Class: 2.0 , Rule:(neurons: [65, 22, 28, 17, 14, 48, 113, 19, 105, 61, 26, 4, 45, 69, 52, 36] ,signature: [0, 0, 0, 1, 0, 0, 1, 1, 1, 1, 1, 1, 1, 1, 0, 0] ),Support: 3
Class: 2.0 , Rule:(neurons: [65, 22, 28, 17, 14, 48, 45, 113, 62, 61] ,signature: [0, 0, 0, 1, 0, 1, 0, 1, 1, 1] ),Support: 3
Class: 2.0 , Rule:(neurons: [65, 22, 28, 17, 14, 48, 45, 4, 94, 9, 36, 61, 10, 39, 69] ,signature: [0, 0, 0, 1, 0, 1, 1, 1, 0, 1, 0, 1, 0, 0, 1] ),Support: 3
Class: 2.0 , Rule:(neurons: [65, 22, 28, 17, 14, 29, 10, 106, 5, 64, 93, 18] ,signature: [0, 0, 0, 1, 1, 1, 0, 0, 0, 1, 0, 1] ),Support: 3
Class: 2.0 , Rule:(neurons: [65, 22, 28, 17, 14, 29, 10, 106, 5, 64, 93, 85, 68, 71, 37, 116, 11] ,signature: [0, 0, 0, 1, 1, 1, 0, 0, 0, 1, 1, 1, 0, 1, 0, 1, 1] ),Support: 3
Class: 2.0 , Rule:(neurons: [65, 22, 28, 17, 14, 29, 10, 84, 76, 94, 123, 69, 122] ,signature: [0, 0, 0, 1, 1, 1, 1, 0, 0, 0, 1, 1, 0] ),Support: 3
Class: 2.0 , Rule:(neurons: [65, 22, 28, 17, 14, 29, 10, 84, 76, 62, 94, 98, 102, 68, 93, 25, 44, 4, 63, 39, 2, 26] ,signature: [0, 0, 0, 1, 1, 1, 1, 0, 1, 1, 1, 0, 0, 0, 1, 0, 0, 1, 1, 1, 1, 0] ),Support: 3
Class: 2.0 , Rule:(neurons: [65, 22, 28, 17, 14, 29, 10, 84, 98, 113, 99, 93, 106, 24, 4, 76, 66, 68, 83, 80] ,signature: [0, 0, 0, 1, 1, 1, 1, 1, 0, 1, 1, 1, 0, 1, 0, 1, 1, 0, 1, 1] ),Support: 3
Class: 2.0 , Rule:(neurons: [65, 22, 28, 17, 14, 29, 10, 84, 98, 113, 99, 93, 106, 24, 4, 76, 66, 68, 57] ,signature: [0, 0, 0, 1, 1, 1, 1, 1, 0, 1, 1, 1, 0, 1, 0, 1, 1, 1, 1] ),Support: 3
Class: 2.0 , Rule:(neurons: [65, 22, 28, 17, 14, 29, 10, 84, 98, 113, 99, 93, 106, 24, 4, 25, 34] ,signature: [0, 0, 0, 1, 1, 1, 1, 1, 0, 1, 1, 1, 0, 1, 1, 0, 1] ),Support: 3
Class: 2.0 , Rule:(neurons: [65, 22, 28, 19, 62, 104, 99, 119, 86, 106, 36, 33, 10] ,signature: [0, 0, 1, 1, 1, 0, 1, 0, 0, 0, 1, 1, 0] ),Support: 3
Class: 2.0 , Rule:(neurons: [65, 22, 61, 26, 67, 68, 91, 94, 63, 106] ,signature: [0, 1, 0, 0, 0, 1, 0, 1, 0, 0] ),Support: 3
Class: 2.0 , Rule:(neurons: [65, 22, 61, 26, 94, 1, 118, 108, 91, 38, 66, 40, 17, 37] ,signature: [0, 1, 0, 1, 1, 0, 0, 0, 1, 0, 1, 0, 1, 1] ),Support: 3
Class: 2.0 , Rule:(neurons: [65, 22, 61, 92, 10, 47, 39, 26] ,signature: [0, 1, 1, 0, 1, 1, 0, 0] ),Support: 3
Class: 2.0 , Rule:(neurons: [65, 22, 61, 92, 10, 47, 39, 63, 105, 43, 31] ,signature: [0, 1, 1, 0, 1, 1, 1, 1, 1, 0, 1] ),Support: 3
Class: 2.0 , Rule:(neurons: [65, 91, 62, 4, 106, 1, 49, 20, 94, 0, 124, 33, 21, 48] ,signature: [1, 0, 0, 0, 1, 0, 1, 1, 0, 1, 1, 1, 0, 0] ),Support: 3
Class: 2.0 , Rule:(neurons: [65, 91, 82, 84, 71, 55, 17, 16, 51, 10, 104, 92, 73] ,signature: [1, 1, 0, 0, 0, 0, 0, 0, 1, 0, 0, 0, 0] ),Support: 3
Class: 2.0 , Rule:(neurons: [65, 91, 82, 84, 71, 55, 17, 16, 127, 5] ,signature: [1, 1, 0, 0, 0, 0, 0, 1, 1, 0] ),Support: 3
Class: 2.0 , Rule:(neurons: [65, 91, 82, 84, 71, 55, 10, 9] ,signature: [1, 1, 0, 0, 0, 1, 0, 1] ),Support: 3
Class: 2.0 , Rule:(neurons: [65, 22, 28, 17, 96, 62, 45, 29, 52, 4, 26, 122, 33] ,signature: [0, 0, 0, 0, 0, 0, 0, 1, 0, 0, 0, 0, 0] ),Support: 2
Class: 2.0 , Rule:(neurons: [65, 22, 28, 17, 96, 118, 0, 82, 91, 94, 29, 47, 21] ,signature: [0, 0, 0, 0, 1, 0, 0, 0, 0, 0, 1, 0, 0] ),Support: 2
Class: 2.0 , Rule:(neurons: [65, 22, 28, 17, 96, 118, 0, 82, 91, 45, 44, 117, 59] ,signature: [0, 0, 0, 0, 1, 0, 0, 0, 1, 1, 1, 0, 0] ),Support: 2
Class: 2.0 , Rule:(neurons: [65, 22, 28, 17, 96, 118, 0, 82, 77, 110, 29, 117, 123, 4, 14, 69, 99, 21, 75, 71, 27] ,signature: [0, 0, 0, 0, 1, 0, 0, 1, 0, 1, 1, 1, 1, 1, 1, 0, 0, 1, 1, 0, 0] ),Support: 2
Class: 2.0 , Rule:(neurons: [65, 22, 28, 17, 96, 118, 0, 14, 63, 119, 108, 66] ,signature: [0, 0, 0, 0, 1, 0, 1, 1, 0, 1, 0, 1] ),Support: 2
Class: 2.0 , Rule:(neurons: [65, 22, 28, 17, 96, 118, 0, 14, 63, 10, 91, 20, 62, 24, 44, 7, 114, 2] ,signature: [0, 0, 0, 0, 1, 0, 1, 1, 1, 0, 1, 1, 1, 1, 1, 1, 1, 0] ),Support: 2
Class: 2.0 , Rule:(neurons: [65, 22, 28, 17, 96, 118, 0, 14, 63, 10, 45, 49, 83, 43] ,signature: [0, 0, 0, 0, 1, 0, 1, 1, 1, 1, 0, 0, 1, 0] ),Support: 2
Class: 2.0 , Rule:(neurons: [65, 22, 28, 17, 96, 118, 0, 14, 63, 10, 45, 49, 13, 27, 99, 2, 94] ,signature: [0, 0, 0, 0, 1, 0, 1, 1, 1, 1, 0, 1, 0, 1, 0, 0, 1] ),Support: 2
Class: 2.0 , Rule:(neurons: [65, 22, 28, 17, 96, 118, 0, 14, 63, 10, 45, 113, 40, 47, 38] ,signature: [0, 0, 0, 0, 1, 0, 1, 1, 1, 1, 1, 0, 0, 1, 0] ),Support: 2
Class: 2.0 , Rule:(neurons: [65, 22, 28, 17, 96, 118, 62, 104, 122, 20, 91, 36, 86, 64, 68, 92] ,signature: [0, 0, 0, 0, 1, 1, 1, 0, 0, 1, 1, 1, 1, 1, 0, 0] ),Support: 2
Class: 2.0 , Rule:(neurons: [65, 22, 28, 17, 96, 118, 62, 104, 35, 45, 13, 0, 71, 43, 8] ,signature: [0, 0, 0, 0, 1, 1, 1, 1, 1, 0, 0, 1, 1, 1, 0] ),Support: 2
Class: 2.0 , Rule:(neurons: [65, 22, 28, 17, 96, 118, 62, 104, 35, 45, 13, 26, 52, 5, 51, 78, 30, 10, 86] ,signature: [0, 0, 0, 0, 1, 1, 1, 1, 1, 0, 1, 0, 0, 1, 1, 1, 1, 1, 1] ),Support: 2
Class: 2.0 , Rule:(neurons: [65, 22, 28, 17, 96, 118, 62, 104, 35, 45, 81, 47, 11, 20, 14, 27] ,signature: [0, 0, 0, 0, 1, 1, 1, 1, 1, 1, 1, 1, 0, 1, 1, 1] ),Support: 2
Class: 2.0 , Rule:(neurons: [65, 22, 28, 17, 14, 48, 113, 77, 79, 68, 20, 5, 1, 85, 83, 3, 73, 118, 69] ,signature: [0, 0, 0, 1, 0, 0, 0, 0, 1, 0, 1, 0, 0, 1, 0, 0, 1, 1, 1] ),Support: 2
Class: 2.0 , Rule:(neurons: [65, 22, 28, 17, 14, 48, 113, 77, 79, 68, 20, 5, 1, 85, 83, 3, 26, 66, 96, 10] ,signature: [0, 0, 0, 1, 0, 0, 0, 0, 1, 0, 1, 0, 0, 1, 0, 1, 0, 0, 1, 0] ),Support: 2
Class: 2.0 , Rule:(neurons: [65, 22, 28, 17, 14, 48, 113, 77, 27, 35, 20, 4, 78] ,signature: [0, 0, 0, 1, 0, 0, 0, 1, 0, 1, 1, 1, 1] ),Support: 2
Class: 2.0 , Rule:(neurons: [65, 22, 28, 17, 14, 48, 113, 77, 27, 104, 0, 119, 83, 38] ,signature: [0, 0, 0, 1, 0, 0, 0, 1, 1, 0, 0, 1, 0, 0] ),Support: 2
Class: 2.0 , Rule:(neurons: [65, 22, 28, 17, 14, 48, 113, 19, 76, 52, 122, 79, 57, 68, 27, 104, 34, 124, 66] ,signature: [0, 0, 0, 1, 0, 0, 1, 0, 1, 0, 0, 0, 0, 0, 0, 0, 1, 1, 1] ),Support: 2
Class: 2.0 , Rule:(neurons: [65, 22, 28, 17, 14, 48, 113, 19, 76, 52, 122, 39, 9, 31, 127] ,signature: [0, 0, 0, 1, 0, 0, 1, 0, 1, 0, 1, 1, 0, 0, 1] ),Support: 2
Class: 2.0 , Rule:(neurons: [65, 22, 28, 17, 14, 48, 113, 19, 105, 62, 44, 66, 91, 80, 42, 92, 4, 96] ,signature: [0, 0, 0, 1, 0, 0, 1, 1, 0, 0, 0, 1, 0, 1, 0, 0, 1, 0] ),Support: 2
Class: 2.0 , Rule:(neurons: [65, 22, 28, 17, 14, 48, 113, 19, 105, 62, 44, 66, 91, 80, 42, 110, 75, 119, 38, 2, 35, 94, 84, 81, 11, 36, 20] ,signature: [0, 0, 0, 1, 0, 0, 1, 1, 0, 0, 0, 1, 0, 1, 1, 0, 1, 1, 0, 1, 1, 0, 1, 0, 0, 0, 1] ),Support: 2
Class: 2.0 , Rule:(neurons: [65, 22, 28, 17, 14, 48, 113, 19, 105, 62, 127, 9, 35, 3, 92, 33] ,signature: [0, 0, 0, 1, 0, 0, 1, 1, 0, 1, 1, 0, 1, 1, 0, 0] ),Support: 2
Class: 2.0 , Rule:(neurons: [65, 22, 28, 17, 14, 48, 113, 19, 105, 62, 127, 9, 119] ,signature: [0, 0, 0, 1, 0, 0, 1, 1, 0, 1, 1, 1, 0] ),Support: 2
Class: 2.0 , Rule:(neurons: [65, 22, 28, 17, 14, 48, 113, 19, 105, 61, 62, 11, 124, 5, 68] ,signature: [0, 0, 0, 1, 0, 0, 1, 1, 1, 0, 1, 1, 0, 0, 0] ),Support: 2
Class: 2.0 , Rule:(neurons: [65, 22, 28, 17, 14, 48, 113, 19, 105, 61, 62, 11, 124, 76, 63] ,signature: [0, 0, 0, 1, 0, 0, 1, 1, 1, 0, 1, 1, 1, 0, 1] ),Support: 2
Class: 2.0 , Rule:(neurons: [65, 22, 28, 17, 14, 48, 113, 19, 105, 61, 26, 4, 45, 38, 69, 1] ,signature: [0, 0, 0, 1, 0, 0, 1, 1, 1, 1, 1, 1, 0, 0, 1, 0] ),Support: 2
Class: 2.0 , Rule:(neurons: [65, 22, 28, 17, 14, 48, 45, 113, 62, 79, 0, 26] ,signature: [0, 0, 0, 1, 0, 1, 0, 1, 0, 1, 0, 0] ),Support: 2
Class: 2.0 , Rule:(neurons: [65, 22, 28, 17, 14, 48, 45, 4, 61, 84, 69, 92, 118] ,signature: [0, 0, 0, 1, 0, 1, 1, 0, 0, 1, 0, 1, 0] ),Support: 2
Class: 2.0 , Rule:(neurons: [65, 22, 28, 17, 14, 48, 45, 4, 94, 9, 44, 110, 57, 105] ,signature: [0, 0, 0, 1, 0, 1, 1, 1, 0, 0, 1, 0, 0, 1] ),Support: 2
Class: 2.0 , Rule:(neurons: [65, 22, 28, 17, 14, 29, 10, 106, 5, 64, 93, 85, 68, 71, 37, 116, 80, 92, 99, 63] ,signature: [0, 0, 0, 1, 1, 1, 0, 0, 0, 1, 1, 1, 0, 1, 0, 0, 1, 1, 0, 1] ),Support: 2
Class: 2.0 , Rule:(neurons: [65, 22, 28, 17, 14, 29, 10, 106, 5, 115, 108, 118, 19, 74, 77] ,signature: [0, 0, 0, 1, 1, 1, 0, 0, 1, 1, 0, 1, 0, 1, 0] ),Support: 2
Class: 2.0 , Rule:(neurons: [65, 22, 28, 17, 14, 29, 10, 106, 91, 62, 48, 32, 97, 68, 51] ,signature: [0, 0, 0, 1, 1, 1, 0, 1, 1, 1, 0, 1, 0, 1, 0] ),Support: 2
Class: 2.0 , Rule:(neurons: [65, 22, 28, 17, 14, 29, 10, 84, 76, 94, 26, 93, 118, 98, 4, 91, 127, 83] ,signature: [0, 0, 0, 1, 1, 1, 1, 0, 0, 1, 0, 1, 0, 0, 0, 1, 1, 0] ),Support: 2
Class: 2.0 , Rule:(neurons: [65, 22, 28, 17, 14, 29, 10, 84, 76, 62, 94, 66, 63, 11] ,signature: [0, 0, 0, 1, 1, 1, 1, 0, 1, 1, 0, 0, 1, 1] ),Support: 2
Class: 2.0 , Rule:(neurons: [65, 22, 28, 17, 14, 29, 10, 84, 98, 113, 122, 99, 8, 39] ,signature: [0, 0, 0, 1, 1, 1, 1, 1, 0, 0, 1, 1, 0, 0] ),Support: 2
Class: 2.0 , Rule:(neurons: [65, 22, 28, 17, 14, 29, 10, 84, 98, 113, 99, 93, 106, 24, 4, 76, 66, 126, 91] ,signature: [0, 0, 0, 1, 1, 1, 1, 1, 0, 1, 1, 1, 0, 1, 0, 1, 0, 0, 0] ),Support: 2
Class: 2.0 , Rule:(neurons: [65, 22, 28, 19, 68, 116, 45, 77, 39, 34, 10, 15] ,signature: [0, 0, 1, 0, 0, 0, 0, 0, 0, 0, 0, 1] ),Support: 2
Class: 2.0 , Rule:(neurons: [65, 22, 61, 26, 67, 68, 28, 83, 80, 116, 14, 5] ,signature: [0, 1, 0, 0, 0, 0, 0, 0, 1, 0, 0, 0] ),Support: 2
Class: 2.0 , Rule:(neurons: [65, 22, 61, 26, 67, 68, 28, 83, 80, 116, 14, 24, 16, 82, 39] ,signature: [0, 1, 0, 0, 0, 0, 0, 0, 1, 0, 1, 1, 0, 1, 1] ),Support: 2
Class: 2.0 , Rule:(neurons: [65, 22, 61, 26, 67, 68, 91, 10, 52, 29, 106, 34, 19] ,signature: [0, 1, 0, 0, 0, 1, 1, 0, 0, 0, 0, 1, 0] ),Support: 2
Class: 2.0 , Rule:(neurons: [65, 22, 61, 26, 94, 1, 118, 108, 91, 123, 52, 109] ,signature: [0, 1, 0, 1, 1, 0, 0, 0, 0, 1, 0, 0] ),Support: 2
Class: 2.0 , Rule:(neurons: [65, 22, 61, 26, 94, 1, 118, 108, 25, 16, 121, 99] ,signature: [0, 1, 0, 1, 1, 0, 0, 1, 0, 0, 0, 1] ),Support: 2
Class: 2.0 , Rule:(neurons: [65, 22, 61, 26, 94, 1, 118, 108, 25, 16, 119, 11, 127, 57, 8, 24, 84, 34] ,signature: [0, 1, 0, 1, 1, 0, 0, 1, 0, 1, 1, 0, 1, 1, 1, 1, 1, 1] ),Support: 2
Class: 2.0 , Rule:(neurons: [65, 22, 61, 26, 94, 1, 118, 57, 74, 8, 93, 113, 20, 40, 35, 69, 62, 86, 104, 45, 126, 49] ,signature: [0, 1, 0, 1, 1, 0, 1, 1, 1, 1, 1, 1, 1, 1, 1, 0, 1, 1, 0, 1, 0, 0] ),Support: 2
Class: 2.0 , Rule:(neurons: [65, 22, 61, 92, 10, 69, 85, 4, 62, 13] ,signature: [0, 1, 1, 0, 0, 1, 1, 0, 0, 1] ),Support: 2
Class: 2.0 , Rule:(neurons: [65, 22, 61, 92, 10, 69, 85, 4, 79] ,signature: [0, 1, 1, 0, 0, 1, 1, 1, 1] ),Support: 2
Class: 2.0 , Rule:(neurons: [65, 22, 61, 92, 10, 47, 39, 26, 34, 17, 86] ,signature: [0, 1, 1, 0, 1, 1, 0, 1, 0, 1, 1] ),Support: 2
Class: 2.0 , Rule:(neurons: [65, 22, 61, 92, 47, 108, 99, 27, 121, 79] ,signature: [0, 1, 1, 1, 1, 0, 0, 0, 0, 1] ),Support: 2
Class: 2.0 , Rule:(neurons: [65, 22, 61, 92, 47, 108, 99, 27, 39] ,signature: [0, 1, 1, 1, 1, 0, 0, 1, 0] ),Support: 2
Class: 2.0 , Rule:(neurons: [65, 91, 62, 4, 106, 19, 20, 97, 75, 51, 127, 110, 35] ,signature: [1, 0, 0, 0, 0, 0, 1, 0, 1, 1, 0, 0, 1] ),Support: 2
Class: 2.0 , Rule:(neurons: [65, 91, 62, 4, 106, 1, 49, 79, 52, 66, 5, 57, 59, 9, 22, 48] ,signature: [1, 0, 0, 0, 1, 0, 0, 1, 1, 1, 1, 1, 0, 1, 0, 0] ),Support: 2
Class: 2.0 , Rule:(neurons: [65, 91, 62, 4, 25, 97, 71, 48, 19, 9] ,signature: [1, 0, 0, 1, 1, 0, 1, 0, 1, 1] ),Support: 2
Class: 2.0 , Rule:(neurons: [65, 91, 62, 25, 19, 79, 1, 51, 88, 15, 86, 99, 55] ,signature: [1, 0, 1, 1, 0, 0, 0, 1, 1, 1, 0, 0, 1] ),Support: 2
Class: 2.0 , Rule:(neurons: [65, 91, 62, 25, 19, 73, 7, 4, 83, 1, 122, 127] ,signature: [1, 0, 1, 1, 1, 0, 0, 0, 0, 0, 0, 0] ),Support: 2
Class: 2.0 , Rule:(neurons: [65, 91, 62, 25, 19, 73, 4, 98, 38, 48, 40] ,signature: [1, 0, 1, 1, 1, 1, 1, 0, 1, 0, 0] ),Support: 2
Class: 2.0 , Rule:(neurons: [65, 91, 82, 84, 71, 108, 1, 20, 100, 63, 21, 24] ,signature: [1, 1, 0, 0, 1, 0, 0, 1, 1, 1, 1, 1] ),Support: 2
Class: 2.0 , Rule:(neurons: [65, 91, 82, 63, 28, 5, 78, 27, 77, 0, 67, 106, 24, 26] ,signature: [1, 1, 1, 0, 0, 0, 1, 1, 1, 0, 0, 0, 1, 0] ),Support: 2
Class: 2.0 , Rule:(neurons: [65, 91, 82, 63, 127, 25, 62, 94, 71, 26, 1, 17, 106, 38] ,signature: [1, 1, 1, 1, 1, 0, 1, 1, 1, 0, 0, 0, 0, 0] ),Support: 2
Class: 2.0 , Rule:(neurons: [65, 91, 82, 63, 127, 25, 1, 14, 17, 52] ,signature: [1, 1, 1, 1, 1, 1, 0, 1, 1, 0] ),Support: 2
Class: 2.0 , Rule:(neurons: [65, 22, 28, 17, 96, 62, 45, 29, 52, 4, 122, 26, 118, 9] ,signature: [0, 0, 0, 0, 0, 0, 0, 1, 0, 1, 0, 0, 0, 1] ),Support: 1
Class: 2.0 , Rule:(neurons: [65, 22, 28, 17, 96, 62, 74, 122, 45, 32, 94, 0, 118, 126] ,signature: [0, 0, 0, 0, 0, 1, 1, 0, 1, 1, 1, 0, 0, 0] ),Support: 1
Class: 2.0 , Rule:(neurons: [65, 22, 28, 17, 96, 62, 74, 122, 108, 13, 98, 93, 63, 45, 80, 26, 0] ,signature: [0, 0, 0, 0, 0, 1, 1, 1, 0, 0, 0, 1, 1, 0, 1, 0, 1] ),Support: 1
Class: 2.0 , Rule:(neurons: [65, 22, 28, 17, 96, 62, 74, 122, 108, 13, 116, 80, 68] ,signature: [0, 0, 0, 0, 0, 1, 1, 1, 0, 1, 0, 1, 0] ),Support: 1
Class: 2.0 , Rule:(neurons: [65, 22, 28, 17, 96, 62, 74, 122, 108, 127, 36, 10] ,signature: [0, 0, 0, 0, 0, 1, 1, 1, 1, 1, 0, 0] ),Support: 1
Class: 2.0 , Rule:(neurons: [65, 22, 28, 17, 96, 118, 0, 82, 91, 45, 69, 68, 124, 126] ,signature: [0, 0, 0, 0, 1, 0, 0, 0, 1, 0, 1, 0, 0, 0] ),Support: 1
Class: 2.0 , Rule:(neurons: [65, 22, 28, 17, 96, 118, 0, 82, 77, 110, 40, 24, 63, 91, 19] ,signature: [0, 0, 0, 0, 1, 0, 0, 1, 0, 0, 0, 1, 1, 1, 1] ),Support: 1
Class: 2.0 , Rule:(neurons: [65, 22, 28, 17, 96, 118, 0, 82, 77, 110, 40, 63, 52, 79, 1, 55] ,signature: [0, 0, 0, 0, 1, 0, 0, 1, 0, 0, 1, 1, 1, 1, 0, 0] ),Support: 1
Class: 2.0 , Rule:(neurons: [65, 22, 28, 17, 96, 118, 0, 82, 77, 110, 29, 40, 2, 94, 102, 32] ,signature: [0, 0, 0, 0, 1, 0, 0, 1, 0, 1, 0, 1, 0, 1, 0, 0] ),Support: 1
Class: 2.0 , Rule:(neurons: [65, 22, 28, 17, 96, 118, 0, 82, 77, 110, 29, 117, 123, 4, 119, 27, 40, 62, 39] ,signature: [0, 0, 0, 0, 1, 0, 0, 1, 0, 1, 1, 1, 1, 0, 0, 0, 0, 1, 0] ),Support: 1
Class: 2.0 , Rule:(neurons: [65, 22, 28, 17, 96, 118, 0, 82, 77, 110, 29, 117, 123, 4, 119, 27, 40, 16] ,signature: [0, 0, 0, 0, 1, 0, 0, 1, 0, 1, 1, 1, 1, 0, 0, 0, 1, 0] ),Support: 1
Class: 2.0 , Rule:(neurons: [65, 22, 28, 17, 96, 118, 0, 82, 77, 110, 29, 117, 123, 4, 14, 47, 73, 102, 61] ,signature: [0, 0, 0, 0, 1, 0, 0, 1, 0, 1, 1, 1, 1, 1, 0, 1, 1, 0, 1] ),Support: 1
Class: 2.0 , Rule:(neurons: [65, 22, 28, 17, 96, 118, 0, 82, 77, 110, 29, 117, 123, 4, 14, 69, 99, 21, 75] ,signature: [0, 0, 0, 0, 1, 0, 0, 1, 0, 1, 1, 1, 1, 1, 1, 0, 0, 1, 0] ),Support: 1
Class: 2.0 , Rule:(neurons: [65, 22, 28, 17, 96, 118, 0, 82, 77, 110, 29, 117, 123, 4, 14, 69, 99, 21, 75, 71, 57, 51] ,signature: [0, 0, 0, 0, 1, 0, 0, 1, 0, 1, 1, 1, 1, 1, 1, 0, 0, 1, 1, 1, 0, 0] ),Support: 1
Class: 2.0 , Rule:(neurons: [65, 22, 28, 17, 96, 118, 0, 82, 77, 110, 29, 117, 123, 4, 14, 69, 113, 21] ,signature: [0, 0, 0, 0, 1, 0, 0, 1, 0, 1, 1, 1, 1, 1, 1, 1, 1, 0] ),Support: 1
Class: 2.0 , Rule:(neurons: [65, 22, 28, 17, 96, 118, 0, 14, 62, 94, 122, 25, 34, 11, 57, 20, 127, 108] ,signature: [0, 0, 0, 0, 1, 0, 1, 0, 1, 0, 0, 0, 1, 0, 1, 1, 0, 1] ),Support: 1
Class: 2.0 , Rule:(neurons: [65, 22, 28, 17, 96, 118, 0, 14, 62, 94, 122, 25, 34, 11, 36, 51, 106] ,signature: [0, 0, 0, 0, 1, 0, 1, 0, 1, 0, 0, 0, 1, 1, 0, 0, 0] ),Support: 1
Class: 2.0 , Rule:(neurons: [65, 22, 28, 17, 96, 118, 0, 14, 62, 94, 122, 21, 7] ,signature: [0, 0, 0, 0, 1, 0, 1, 0, 1, 0, 1, 0, 1] ),Support: 1
Class: 2.0 , Rule:(neurons: [65, 22, 28, 17, 96, 118, 0, 14, 62, 94, 122, 21, 47, 105] ,signature: [0, 0, 0, 0, 1, 0, 1, 0, 1, 0, 1, 1, 1, 0] ),Support: 1
Class: 2.0 , Rule:(neurons: [65, 22, 28, 17, 96, 118, 0, 14, 62, 94, 119, 45, 91, 101, 33, 126, 116, 57] ,signature: [0, 0, 0, 0, 1, 0, 1, 0, 1, 1, 1, 0, 1, 1, 0, 1, 1, 0] ),Support: 1
Class: 2.0 , Rule:(neurons: [65, 22, 28, 17, 96, 118, 0, 14, 63, 10, 91, 94, 27, 109, 82, 101] ,signature: [0, 0, 0, 0, 1, 0, 1, 1, 1, 0, 0, 1, 0, 1, 1, 0] ),Support: 1
Class: 2.0 , Rule:(neurons: [65, 22, 28, 17, 96, 118, 0, 14, 63, 10, 91, 20, 62, 24, 113, 55, 64] ,signature: [0, 0, 0, 0, 1, 0, 1, 1, 1, 0, 1, 1, 1, 0, 1, 0, 0] ),Support: 1
Class: 2.0 , Rule:(neurons: [65, 22, 28, 17, 96, 118, 0, 14, 63, 10, 91, 20, 62, 24, 44, 18, 99, 101, 27, 80] ,signature: [0, 0, 0, 0, 1, 0, 1, 1, 1, 0, 1, 1, 1, 1, 0, 1, 0, 0, 1, 0] ),Support: 1
Class: 2.0 , Rule:(neurons: [65, 22, 28, 17, 96, 118, 0, 14, 63, 10, 91, 20, 62, 24, 44, 18, 99, 94, 19] ,signature: [0, 0, 0, 0, 1, 0, 1, 1, 1, 0, 1, 1, 1, 1, 0, 1, 1, 0, 1] ),Support: 1
Class: 2.0 , Rule:(neurons: [65, 22, 28, 17, 96, 118, 0, 14, 63, 10, 91, 20, 62, 24, 44, 7, 48, 81] ,signature: [0, 0, 0, 0, 1, 0, 1, 1, 1, 0, 1, 1, 1, 1, 1, 0, 1, 1] ),Support: 1
Class: 2.0 , Rule:(neurons: [65, 22, 28, 17, 96, 118, 0, 14, 63, 10, 45, 49, 83, 79, 108, 7] ,signature: [0, 0, 0, 0, 1, 0, 1, 1, 1, 1, 0, 0, 0, 1, 1, 0] ),Support: 1
Class: 2.0 , Rule:(neurons: [65, 22, 28, 17, 96, 118, 0, 14, 63, 10, 45, 49, 13, 27, 99, 43] ,signature: [0, 0, 0, 0, 1, 0, 1, 1, 1, 1, 0, 1, 0, 1, 1, 0] ),Support: 1
Class: 2.0 , Rule:(neurons: [65, 22, 28, 17, 96, 118, 0, 14, 63, 10, 45, 49, 13, 69, 11] ,signature: [0, 0, 0, 0, 1, 0, 1, 1, 1, 1, 0, 1, 1, 0, 0] ),Support: 1
Class: 2.0 , Rule:(neurons: [65, 22, 28, 17, 96, 118, 0, 14, 63, 10, 45, 113, 40, 47, 38, 76] ,signature: [0, 0, 0, 0, 1, 0, 1, 1, 1, 1, 1, 0, 0, 1, 1, 0] ),Support: 1
Class: 2.0 , Rule:(neurons: [65, 22, 28, 17, 96, 118, 62, 104, 122, 20, 91, 127, 0, 32, 113] ,signature: [0, 0, 0, 0, 1, 1, 1, 0, 0, 1, 0, 1, 1, 1, 0] ),Support: 1
Class: 2.0 , Rule:(neurons: [65, 22, 28, 17, 96, 118, 62, 104, 122, 20, 91, 127, 0, 32, 113, 57, 54, 43, 55] ,signature: [0, 0, 0, 0, 1, 1, 1, 0, 0, 1, 0, 1, 1, 1, 1, 1, 1, 0, 1] ),Support: 1
Class: 2.0 , Rule:(neurons: [65, 22, 28, 17, 96, 118, 62, 104, 122, 20, 91, 36, 126, 8, 77, 115] ,signature: [0, 0, 0, 0, 1, 1, 1, 0, 0, 1, 1, 0, 1, 0, 1, 1] ),Support: 1
Class: 2.0 , Rule:(neurons: [65, 22, 28, 17, 96, 118, 62, 104, 122, 106, 69, 10, 13] ,signature: [0, 0, 0, 0, 1, 1, 1, 0, 1, 1, 0, 0, 1] ),Support: 1
Class: 2.0 , Rule:(neurons: [65, 22, 28, 17, 96, 118, 62, 104, 35, 45, 13, 0, 51, 49] ,signature: [0, 0, 0, 0, 1, 1, 1, 1, 1, 0, 0, 0, 0, 0] ),Support: 1
Class: 2.0 , Rule:(neurons: [65, 22, 28, 17, 96, 118, 62, 104, 35, 45, 13, 26, 52, 5, 0, 113] ,signature: [0, 0, 0, 0, 1, 1, 1, 1, 1, 0, 1, 0, 0, 0, 0, 0] ),Support: 1
Class: 2.0 , Rule:(neurons: [65, 22, 28, 17, 96, 118, 62, 104, 35, 45, 13, 26, 52, 5, 51, 78, 30] ,signature: [0, 0, 0, 0, 1, 1, 1, 1, 1, 0, 1, 0, 0, 1, 1, 1, 0] ),Support: 1
Class: 2.0 , Rule:(neurons: [65, 22, 28, 17, 96, 118, 62, 104, 35, 45, 81, 33, 73, 117, 49] ,signature: [0, 0, 0, 0, 1, 1, 1, 1, 1, 1, 0, 1, 1, 0, 0] ),Support: 1
Class: 2.0 , Rule:(neurons: [65, 22, 28, 17, 14, 48, 113, 77, 79, 122, 102, 20, 104, 86, 3, 38, 40, 124, 39, 84, 69] ,signature: [0, 0, 0, 1, 0, 0, 0, 0, 0, 0, 0, 1, 1, 0, 1, 0, 0, 1, 1, 1, 1] ),Support: 1
Class: 2.0 , Rule:(neurons: [65, 22, 28, 17, 14, 48, 113, 77, 79, 122, 102, 25, 80, 39] ,signature: [0, 0, 0, 1, 0, 0, 0, 0, 0, 0, 1, 1, 0, 0] ),Support: 1
Class: 2.0 , Rule:(neurons: [65, 22, 28, 17, 14, 48, 113, 77, 79, 122, 43, 31, 110, 15, 11] ,signature: [0, 0, 0, 1, 0, 0, 0, 0, 0, 1, 1, 1, 1, 0, 0] ),Support: 1
Class: 2.0 , Rule:(neurons: [65, 22, 28, 17, 14, 48, 113, 77, 79, 68, 20, 5, 1, 85, 63] ,signature: [0, 0, 0, 1, 0, 0, 0, 0, 1, 0, 1, 0, 0, 0, 0] ),Support: 1
Class: 2.0 , Rule:(neurons: [65, 22, 28, 17, 14, 48, 113, 77, 79, 68, 20, 5, 1, 85, 83, 3, 26, 114, 27] ,signature: [0, 0, 0, 1, 0, 0, 0, 0, 1, 0, 1, 0, 0, 1, 0, 1, 1, 0, 1] ),Support: 1
Class: 2.0 , Rule:(neurons: [65, 22, 28, 17, 14, 48, 113, 77, 79, 68, 20, 5, 1, 85, 83, 3, 93, 122, 26, 4] ,signature: [0, 0, 0, 1, 0, 0, 0, 0, 1, 0, 1, 0, 0, 1, 1, 1, 1, 0, 1, 1] ),Support: 1
Class: 2.0 , Rule:(neurons: [65, 22, 28, 17, 14, 48, 113, 77, 79, 68, 20, 5, 78, 69, 43, 97] ,signature: [0, 0, 0, 1, 0, 0, 0, 0, 1, 0, 1, 1, 0, 0, 1, 1] ),Support: 1
Class: 2.0 , Rule:(neurons: [65, 22, 28, 17, 14, 48, 113, 77, 79, 68, 20, 5, 78, 29, 25, 116] ,signature: [0, 0, 0, 1, 0, 0, 0, 0, 1, 0, 1, 1, 1, 1, 0, 0] ),Support: 1
Class: 2.0 , Rule:(neurons: [65, 22, 28, 17, 14, 48, 113, 77, 27, 35, 116, 123, 115] ,signature: [0, 0, 0, 1, 0, 0, 0, 1, 0, 0, 0, 1, 0] ),Support: 1
Class: 2.0 , Rule:(neurons: [65, 22, 28, 17, 14, 48, 113, 77, 27, 104, 124, 116, 26, 89, 122, 123, 15] ,signature: [0, 0, 0, 1, 0, 0, 0, 1, 1, 1, 0, 0, 0, 1, 0, 0, 0] ),Support: 1
Class: 2.0 , Rule:(neurons: [65, 22, 28, 17, 14, 48, 113, 77, 27, 104, 124, 116, 26, 89, 122, 123, 51, 15] ,signature: [0, 0, 0, 1, 0, 0, 0, 1, 1, 1, 0, 0, 0, 1, 0, 1, 0, 0] ),Support: 1
Class: 2.0 , Rule:(neurons: [65, 22, 28, 17, 14, 48, 113, 77, 27, 104, 124, 116, 26, 2, 52] ,signature: [0, 0, 0, 1, 0, 0, 0, 1, 1, 1, 0, 0, 1, 0, 0] ),Support: 1
Class: 2.0 , Rule:(neurons: [65, 22, 28, 17, 14, 48, 113, 77, 27, 104, 124, 116, 102, 68, 75, 79, 15, 2, 44] ,signature: [0, 0, 0, 1, 0, 0, 0, 1, 1, 1, 0, 1, 0, 0, 1, 1, 1, 0, 0] ),Support: 1
Class: 2.0 , Rule:(neurons: [65, 22, 28, 17, 14, 48, 113, 77, 27, 104, 124, 116, 102, 44, 5] ,signature: [0, 0, 0, 1, 0, 0, 0, 1, 1, 1, 0, 1, 1, 0, 0] ),Support: 1
Class: 2.0 , Rule:(neurons: [65, 22, 28, 17, 14, 48, 113, 77, 27, 104, 124, 116, 102, 44, 62, 83] ,signature: [0, 0, 0, 1, 0, 0, 0, 1, 1, 1, 0, 1, 1, 1, 1, 0] ),Support: 1
Class: 2.0 , Rule:(neurons: [65, 22, 28, 17, 14, 48, 113, 19, 76, 127, 97, 43, 69, 51, 82, 66, 68] ,signature: [0, 0, 0, 1, 0, 0, 1, 0, 0, 0, 1, 1, 0, 1, 1, 1, 0] ),Support: 1
Class: 2.0 , Rule:(neurons: [65, 22, 28, 17, 14, 48, 113, 19, 76, 52, 122, 79, 57, 104, 31, 11, 127, 93, 91, 10] ,signature: [0, 0, 0, 1, 0, 0, 1, 0, 1, 0, 0, 0, 1, 0, 1, 0, 0, 1, 1, 0] ),Support: 1
Class: 2.0 , Rule:(neurons: [65, 22, 28, 17, 14, 48, 113, 19, 76, 52, 122, 79, 57, 104, 31, 11, 127, 39] ,signature: [0, 0, 0, 1, 0, 0, 1, 0, 1, 0, 0, 0, 1, 0, 1, 0, 1, 0] ),Support: 1
Class: 2.0 , Rule:(neurons: [65, 22, 28, 17, 14, 48, 113, 19, 76, 52, 122, 79, 57, 104, 31, 11, 127, 39, 74, 38, 21, 91] ,signature: [0, 0, 0, 1, 0, 0, 1, 0, 1, 0, 0, 0, 1, 0, 1, 0, 1, 1, 1, 0, 0, 1] ),Support: 1
Class: 2.0 , Rule:(neurons: [65, 22, 28, 17, 14, 48, 113, 19, 76, 52, 122, 79, 57, 104, 124, 47, 83] ,signature: [0, 0, 0, 1, 0, 0, 1, 0, 1, 0, 0, 0, 1, 1, 0, 1, 1] ),Support: 1
Class: 2.0 , Rule:(neurons: [65, 22, 28, 17, 14, 48, 113, 19, 76, 52, 122, 79, 57, 104, 124, 118, 91, 66] ,signature: [0, 0, 0, 1, 0, 0, 1, 0, 1, 0, 0, 0, 1, 1, 1, 0, 1, 1] ),Support: 1
Class: 2.0 , Rule:(neurons: [65, 22, 28, 17, 14, 48, 113, 19, 76, 52, 122, 79, 20, 5, 68, 30, 92, 78, 100] ,signature: [0, 0, 0, 1, 0, 0, 1, 0, 1, 0, 0, 1, 1, 0, 0, 1, 0, 0, 0] ),Support: 1
Class: 2.0 , Rule:(neurons: [65, 22, 28, 17, 14, 48, 113, 19, 76, 52, 122, 79, 20, 5, 68, 69, 124] ,signature: [0, 0, 0, 1, 0, 0, 1, 0, 1, 0, 0, 1, 1, 0, 1, 0, 0] ),Support: 1
Class: 2.0 , Rule:(neurons: [65, 22, 28, 17, 14, 48, 113, 19, 76, 52, 122, 39, 9, 31, 94, 49, 123] ,signature: [0, 0, 0, 1, 0, 0, 1, 0, 1, 0, 1, 1, 0, 1, 1, 1, 0] ),Support: 1
Class: 2.0 , Rule:(neurons: [65, 22, 28, 17, 14, 48, 113, 19, 76, 52, 122, 39, 9, 4, 45, 26, 31] ,signature: [0, 0, 0, 1, 0, 0, 1, 0, 1, 0, 1, 1, 1, 0, 0, 0, 0] ),Support: 1
Class: 2.0 , Rule:(neurons: [65, 22, 28, 17, 14, 48, 113, 19, 76, 52, 62, 51, 68, 116, 33, 96] ,signature: [0, 0, 0, 1, 0, 0, 1, 0, 1, 1, 0, 0, 0, 1, 1, 1] ),Support: 1
Class: 2.0 , Rule:(neurons: [65, 22, 28, 17, 14, 48, 113, 19, 76, 52, 62, 51, 68, 34, 110, 99, 3, 40] ,signature: [0, 0, 0, 1, 0, 0, 1, 0, 1, 1, 0, 0, 1, 1, 0, 0, 0, 1] ),Support: 1
Class: 2.0 , Rule:(neurons: [65, 22, 28, 17, 14, 48, 113, 19, 76, 52, 62, 27, 0, 24, 116, 124] ,signature: [0, 0, 0, 1, 0, 0, 1, 0, 1, 1, 1, 1, 1, 1, 1, 1] ),Support: 1
Class: 2.0 , Rule:(neurons: [65, 22, 28, 17, 14, 48, 113, 19, 105, 62, 44, 66, 91, 80, 79, 85, 89] ,signature: [0, 0, 0, 1, 0, 0, 1, 1, 0, 0, 0, 1, 0, 0, 1, 1, 1] ),Support: 1
Class: 2.0 , Rule:(neurons: [65, 22, 28, 17, 14, 48, 113, 19, 105, 62, 44, 66, 91, 80, 42, 92, 4, 38, 52] ,signature: [0, 0, 0, 1, 0, 0, 1, 1, 0, 0, 0, 1, 0, 1, 0, 0, 0, 0, 1] ),Support: 1
Class: 2.0 , Rule:(neurons: [65, 22, 28, 17, 14, 48, 113, 19, 105, 62, 44, 66, 91, 80, 42, 92, 4, 38] ,signature: [0, 0, 0, 1, 0, 0, 1, 1, 0, 0, 0, 1, 0, 1, 0, 0, 0, 1] ),Support: 1
Class: 2.0 , Rule:(neurons: [65, 22, 28, 17, 14, 48, 113, 19, 105, 62, 44, 66, 91, 80, 42, 92, 57] ,signature: [0, 0, 0, 1, 0, 0, 1, 1, 0, 0, 0, 1, 0, 1, 0, 1, 1] ),Support: 1
Class: 2.0 , Rule:(neurons: [65, 22, 28, 17, 14, 48, 113, 19, 105, 62, 44, 66, 91, 80, 42, 110, 75, 119] ,signature: [0, 0, 0, 1, 0, 0, 1, 1, 0, 0, 0, 1, 0, 1, 1, 0, 1, 0] ),Support: 1
Class: 2.0 , Rule:(neurons: [65, 22, 28, 17, 14, 48, 113, 19, 105, 62, 44, 66, 91, 80, 42, 110, 88, 11, 39] ,signature: [0, 0, 0, 1, 0, 0, 1, 1, 0, 0, 0, 1, 0, 1, 1, 1, 1, 0, 0] ),Support: 1
Class: 2.0 , Rule:(neurons: [65, 22, 28, 17, 14, 48, 113, 19, 105, 62, 44, 66, 91, 26, 78, 101] ,signature: [0, 0, 0, 1, 0, 0, 1, 1, 0, 0, 0, 1, 1, 0, 0, 0] ),Support: 1
Class: 2.0 , Rule:(neurons: [65, 22, 28, 17, 14, 48, 113, 19, 105, 61, 62, 11, 91, 104, 119, 20, 76, 96, 94, 21, 99] ,signature: [0, 0, 0, 1, 0, 0, 1, 1, 1, 0, 1, 0, 0, 0, 1, 1, 1, 0, 0, 0, 0] ),Support: 1
Class: 2.0 , Rule:(neurons: [65, 22, 28, 17, 14, 48, 113, 19, 105, 61, 62, 11, 91, 104, 26, 114] ,signature: [0, 0, 0, 1, 0, 0, 1, 1, 1, 0, 1, 0, 0, 1, 0, 1] ),Support: 1
Class: 2.0 , Rule:(neurons: [65, 22, 28, 17, 14, 48, 113, 19, 105, 61, 62, 11, 124, 76, 18] ,signature: [0, 0, 0, 1, 0, 0, 1, 1, 1, 0, 1, 1, 1, 1, 0] ),Support: 1
Class: 2.0 , Rule:(neurons: [65, 22, 28, 17, 14, 48, 113, 19, 105, 61, 26, 36, 91, 40, 110, 29] ,signature: [0, 0, 0, 1, 0, 0, 1, 1, 1, 1, 0, 1, 0, 1, 0, 1] ),Support: 1
Class: 2.0 , Rule:(neurons: [65, 22, 28, 17, 14, 48, 113, 19, 105, 61, 26, 4, 83, 37, 44, 18, 38] ,signature: [0, 0, 0, 1, 0, 0, 1, 1, 1, 1, 1, 0, 0, 1, 0, 0, 1] ),Support: 1
Class: 2.0 , Rule:(neurons: [65, 22, 28, 17, 14, 48, 45, 113, 62, 79, 0, 100, 36] ,signature: [0, 0, 0, 1, 0, 1, 0, 1, 0, 1, 1, 0, 0] ),Support: 1
Class: 2.0 , Rule:(neurons: [65, 22, 28, 17, 14, 48, 45, 4, 61, 89, 46, 36, 124, 5, 57] ,signature: [0, 0, 0, 1, 0, 1, 1, 0, 1, 1, 0, 0, 0, 1, 0] ),Support: 1
Class: 2.0 , Rule:(neurons: [65, 22, 28, 17, 14, 48, 45, 4, 94, 9, 44, 27, 55, 21, 127, 80] ,signature: [0, 0, 0, 1, 0, 1, 1, 1, 0, 0, 0, 0, 1, 0, 0, 0] ),Support: 1
Class: 2.0 , Rule:(neurons: [65, 22, 28, 17, 14, 48, 45, 4, 94, 9, 44, 27, 55, 21, 127, 1, 96, 88] ,signature: [0, 0, 0, 1, 0, 1, 1, 1, 0, 0, 0, 0, 1, 0, 1, 0, 0, 1] ),Support: 1
Class: 2.0 , Rule:(neurons: [65, 22, 28, 17, 14, 48, 45, 4, 94, 9, 44, 27, 68, 25, 19, 64] ,signature: [0, 0, 0, 1, 0, 1, 1, 1, 0, 0, 0, 1, 1, 1, 1, 1] ),Support: 1
Class: 2.0 , Rule:(neurons: [65, 22, 28, 17, 14, 48, 45, 4, 94, 9, 44, 110, 57, 63, 122, 106] ,signature: [0, 0, 0, 1, 0, 1, 1, 1, 0, 0, 1, 0, 1, 0, 0, 0] ),Support: 1
Class: 2.0 , Rule:(neurons: [65, 22, 28, 17, 14, 48, 45, 4, 94, 9, 36, 61, 10, 39, 77, 1] ,signature: [0, 0, 0, 1, 0, 1, 1, 1, 0, 1, 0, 1, 0, 1, 1, 1] ),Support: 1
Class: 2.0 , Rule:(neurons: [65, 22, 28, 17, 14, 48, 45, 4, 94, 9, 36, 61, 10, 106, 76] ,signature: [0, 0, 0, 1, 0, 1, 1, 1, 0, 1, 0, 1, 1, 0, 1] ),Support: 1
Class: 2.0 , Rule:(neurons: [65, 22, 28, 17, 14, 29, 43, 62, 51, 3, 124, 9, 39] ,signature: [0, 0, 0, 1, 1, 0, 1, 0, 0, 0, 0, 1, 1] ),Support: 1
Class: 2.0 , Rule:(neurons: [65, 22, 28, 17, 14, 29, 43, 62, 91, 49, 127, 16] ,signature: [0, 0, 0, 1, 1, 0, 1, 1, 0, 0, 1, 0] ),Support: 1
Class: 2.0 , Rule:(neurons: [65, 22, 28, 17, 14, 29, 10, 106, 5, 64, 104, 113, 61, 127] ,signature: [0, 0, 0, 1, 1, 1, 0, 0, 0, 0, 0, 1, 0, 0] ),Support: 1
Class: 2.0 , Rule:(neurons: [65, 22, 28, 17, 14, 29, 10, 106, 5, 64, 104, 113, 61, 127, 46] ,signature: [0, 0, 0, 1, 1, 1, 0, 0, 0, 0, 0, 1, 0, 1, 1] ),Support: 1
Class: 2.0 , Rule:(neurons: [65, 22, 28, 17, 14, 29, 10, 106, 5, 64, 104, 24, 32, 102, 86] ,signature: [0, 0, 0, 1, 1, 1, 0, 0, 0, 0, 1, 1, 1, 1, 0] ),Support: 1
Class: 2.0 , Rule:(neurons: [65, 22, 28, 17, 14, 29, 10, 106, 5, 64, 93, 85, 68, 71, 37, 48, 91, 118, 46, 110, 2] ,signature: [0, 0, 0, 1, 1, 1, 0, 0, 0, 1, 1, 1, 0, 1, 1, 0, 0, 0, 1, 0, 0] ),Support: 1
Class: 2.0 , Rule:(neurons: [65, 22, 28, 17, 14, 29, 10, 106, 5, 64, 93, 85, 68, 71, 37, 48, 91, 119, 19, 47, 88, 27, 92, 126] ,signature: [0, 0, 0, 1, 1, 1, 0, 0, 0, 1, 1, 1, 0, 1, 1, 0, 1, 0, 0, 1, 1, 0, 0, 0] ),Support: 1
Class: 2.0 , Rule:(neurons: [65, 22, 28, 17, 14, 29, 10, 106, 5, 64, 93, 85, 68, 71, 37, 48, 91, 119, 19, 39, 73] ,signature: [0, 0, 0, 1, 1, 1, 0, 0, 0, 1, 1, 1, 0, 1, 1, 0, 1, 0, 1, 1, 1] ),Support: 1
Class: 2.0 , Rule:(neurons: [65, 22, 28, 17, 14, 29, 10, 106, 5, 64, 93, 85, 68, 110, 73, 127] ,signature: [0, 0, 0, 1, 1, 1, 0, 0, 0, 1, 1, 1, 1, 0, 1, 0] ),Support: 1
Class: 2.0 , Rule:(neurons: [65, 22, 28, 17, 14, 29, 10, 106, 91, 69, 63, 82, 76] ,signature: [0, 0, 0, 1, 1, 1, 0, 1, 0, 1, 1, 0, 0] ),Support: 1
Class: 2.0 , Rule:(neurons: [65, 22, 28, 17, 14, 29, 10, 106, 91, 62, 48, 32, 97, 68, 92, 126, 113] ,signature: [0, 0, 0, 1, 1, 1, 0, 1, 1, 1, 0, 1, 0, 0, 1, 0, 1] ),Support: 1
Class: 2.0 , Rule:(neurons: [65, 22, 28, 17, 14, 29, 10, 106, 91, 62, 48, 124, 61] ,signature: [0, 0, 0, 1, 1, 1, 0, 1, 1, 1, 1, 0, 1] ),Support: 1
Class: 2.0 , Rule:(neurons: [65, 22, 28, 17, 14, 29, 10, 84, 76, 94, 123, 88, 63] ,signature: [0, 0, 0, 1, 1, 1, 1, 0, 0, 0, 0, 0, 1] ),Support: 1
Class: 2.0 , Rule:(neurons: [65, 22, 28, 17, 14, 29, 10, 84, 76, 94, 123, 69, 43] ,signature: [0, 0, 0, 1, 1, 1, 1, 0, 0, 0, 1, 0, 0] ),Support: 1
Class: 2.0 , Rule:(neurons: [65, 22, 28, 17, 14, 29, 10, 84, 76, 94, 123, 69, 43, 122, 108, 45] ,signature: [0, 0, 0, 1, 1, 1, 1, 0, 0, 0, 1, 0, 1, 0, 0, 0] ),Support: 1
Class: 2.0 , Rule:(neurons: [65, 22, 28, 17, 14, 29, 10, 84, 76, 94, 26, 93, 118, 98, 4, 91, 68, 96] ,signature: [0, 0, 0, 1, 1, 1, 1, 0, 0, 1, 0, 1, 0, 0, 1, 0, 0, 1] ),Support: 1
Class: 2.0 , Rule:(neurons: [65, 22, 28, 17, 14, 29, 10, 84, 76, 94, 26, 93, 118, 98, 4, 91, 122, 96, 64] ,signature: [0, 0, 0, 1, 1, 1, 1, 0, 0, 1, 0, 1, 0, 0, 1, 1, 0, 0, 1] ),Support: 1
Class: 2.0 , Rule:(neurons: [65, 22, 28, 17, 14, 29, 10, 84, 76, 94, 26, 104] ,signature: [0, 0, 0, 1, 1, 1, 1, 0, 0, 1, 1, 1] ),Support: 1
Class: 2.0 , Rule:(neurons: [65, 22, 28, 17, 14, 29, 10, 84, 76, 62, 45, 122, 69, 21, 99] ,signature: [0, 0, 0, 1, 1, 1, 1, 0, 1, 0, 0, 0, 0, 0, 1] ),Support: 1
Class: 2.0 , Rule:(neurons: [65, 22, 28, 17, 14, 29, 10, 84, 76, 62, 45, 122, 69, 108] ,signature: [0, 0, 0, 1, 1, 1, 1, 0, 1, 0, 0, 0, 1, 0] ),Support: 1
Class: 2.0 , Rule:(neurons: [65, 22, 28, 17, 14, 29, 10, 84, 76, 62, 45, 122, 89] ,signature: [0, 0, 0, 1, 1, 1, 1, 0, 1, 0, 0, 1, 0] ),Support: 1
Class: 2.0 , Rule:(neurons: [65, 22, 28, 17, 14, 29, 10, 84, 76, 62, 45, 127, 8, 78] ,signature: [0, 0, 0, 1, 1, 1, 1, 0, 1, 0, 1, 0, 0, 0] ),Support: 1
Class: 2.0 , Rule:(neurons: [65, 22, 28, 17, 14, 29, 10, 84, 76, 62, 94, 66, 63, 13, 43] ,signature: [0, 0, 0, 1, 1, 1, 1, 0, 1, 1, 0, 0, 0, 0, 0] ),Support: 1
Class: 2.0 , Rule:(neurons: [65, 22, 28, 17, 14, 29, 10, 84, 76, 62, 94, 66, 63, 13, 43, 122] ,signature: [0, 0, 0, 1, 1, 1, 1, 0, 1, 1, 0, 0, 0, 0, 1, 0] ),Support: 1
Class: 2.0 , Rule:(neurons: [65, 22, 28, 17, 14, 29, 10, 84, 76, 62, 94, 66, 63, 11, 101, 51] ,signature: [0, 0, 0, 1, 1, 1, 1, 0, 1, 1, 0, 0, 1, 0, 1, 1] ),Support: 1
Class: 2.0 , Rule:(neurons: [65, 22, 28, 17, 14, 29, 10, 84, 76, 62, 94, 98, 102, 68, 93, 25, 44, 4, 63, 39, 43] ,signature: [0, 0, 0, 1, 1, 1, 1, 0, 1, 1, 1, 0, 0, 0, 1, 0, 0, 1, 1, 0, 0] ),Support: 1
Class: 2.0 , Rule:(neurons: [65, 22, 28, 17, 14, 29, 10, 84, 76, 62, 94, 98, 102, 68, 8, 124] ,signature: [0, 0, 0, 1, 1, 1, 1, 0, 1, 1, 1, 0, 0, 1, 1, 1] ),Support: 1
Class: 2.0 , Rule:(neurons: [65, 22, 28, 17, 14, 29, 10, 84, 76, 62, 94, 98, 113, 123] ,signature: [0, 0, 0, 1, 1, 1, 1, 0, 1, 1, 1, 1, 0, 1] ),Support: 1
Class: 2.0 , Rule:(neurons: [65, 22, 28, 17, 14, 29, 10, 84, 98, 113, 122, 48, 67] ,signature: [0, 0, 0, 1, 1, 1, 1, 1, 0, 0, 0, 1, 0] ),Support: 1
Class: 2.0 , Rule:(neurons: [65, 22, 28, 17, 14, 29, 10, 84, 98, 113, 122, 99, 66] ,signature: [0, 0, 0, 1, 1, 1, 1, 1, 0, 0, 1, 0, 1] ),Support: 1
Class: 2.0 , Rule:(neurons: [65, 22, 28, 17, 14, 29, 10, 84, 98, 113, 99, 26, 69, 76, 124] ,signature: [0, 0, 0, 1, 1, 1, 1, 1, 0, 1, 0, 0, 0, 0, 1] ),Support: 1
Class: 2.0 , Rule:(neurons: [65, 22, 28, 17, 14, 29, 10, 84, 98, 113, 99, 93, 106, 24, 4, 76, 110] ,signature: [0, 0, 0, 1, 1, 1, 1, 1, 0, 1, 1, 1, 0, 1, 0, 0, 1] ),Support: 1
Class: 2.0 , Rule:(neurons: [65, 22, 28, 17, 14, 29, 10, 84, 98, 113, 99, 93, 106, 24, 4, 76, 66, 126, 124, 69] ,signature: [0, 0, 0, 1, 1, 1, 1, 1, 0, 1, 1, 1, 0, 1, 0, 1, 0, 1, 1, 1] ),Support: 1
Class: 2.0 , Rule:(neurons: [65, 22, 28, 17, 14, 29, 10, 84, 98, 113, 99, 93, 106, 24, 4, 25, 34, 110, 69, 119] ,signature: [0, 0, 0, 1, 1, 1, 1, 1, 0, 1, 1, 1, 0, 1, 1, 0, 0, 0, 1, 0] ),Support: 1
Class: 2.0 , Rule:(neurons: [65, 22, 28, 17, 14, 29, 10, 84, 98, 77, 0, 45, 61, 80] ,signature: [0, 0, 0, 1, 1, 1, 1, 1, 1, 0, 0, 1, 1, 0] ),Support: 1
Class: 2.0 , Rule:(neurons: [65, 22, 28, 19, 68, 116, 45, 77, 39, 8, 17, 33, 24, 27, 54] ,signature: [0, 0, 1, 0, 0, 0, 0, 0, 1, 1, 1, 1, 0, 0, 1] ),Support: 1
Class: 2.0 , Rule:(neurons: [65, 22, 28, 19, 68, 116, 45, 2, 91, 40] ,signature: [0, 0, 1, 0, 0, 0, 1, 0, 0, 1] ),Support: 1
Class: 2.0 , Rule:(neurons: [65, 22, 28, 19, 68, 116, 8, 96, 14, 39, 63, 122, 74, 33] ,signature: [0, 0, 1, 0, 0, 1, 0, 1, 1, 1, 1, 0, 0, 0] ),Support: 1
Class: 2.0 , Rule:(neurons: [65, 22, 28, 19, 68, 116, 8, 104, 43, 34, 66, 38, 105, 17, 10, 39] ,signature: [0, 0, 1, 0, 0, 1, 1, 0, 1, 1, 0, 0, 1, 1, 0, 0] ),Support: 1
Class: 2.0 , Rule:(neurons: [65, 22, 28, 19, 68, 116, 8, 104, 43, 34, 66, 123] ,signature: [0, 0, 1, 0, 0, 1, 1, 0, 1, 1, 1, 0] ),Support: 1
Class: 2.0 , Rule:(neurons: [65, 22, 28, 19, 62, 104, 99, 119, 86, 106, 36, 88] ,signature: [0, 0, 1, 1, 1, 0, 1, 0, 0, 0, 0, 0] ),Support: 1
Class: 2.0 , Rule:(neurons: [65, 22, 28, 19, 62, 104, 99, 119, 11, 21, 20, 89, 33, 57] ,signature: [0, 0, 1, 1, 1, 0, 1, 1, 0, 1, 1, 1, 1, 0] ),Support: 1
Class: 2.0 , Rule:(neurons: [65, 22, 28, 19, 62, 104, 99, 119, 11, 121, 92, 17, 123, 114] ,signature: [0, 0, 1, 1, 1, 0, 1, 1, 1, 0, 0, 1, 0, 1] ),Support: 1
Class: 2.0 , Rule:(neurons: [65, 22, 28, 19, 62, 104, 99, 119, 11, 121, 92, 17, 123, 114, 116] ,signature: [0, 0, 1, 1, 1, 0, 1, 1, 1, 0, 0, 1, 1, 0, 0] ),Support: 1
Class: 2.0 , Rule:(neurons: [65, 22, 28, 19, 62, 104, 99, 119, 11, 121, 92, 94, 27, 80] ,signature: [0, 0, 1, 1, 1, 0, 1, 1, 1, 0, 1, 0, 1, 1] ),Support: 1
Class: 2.0 , Rule:(neurons: [65, 22, 61, 26, 67, 68, 28, 83, 80, 116, 82] ,signature: [0, 1, 0, 0, 0, 0, 0, 0, 1, 1, 1] ),Support: 1
Class: 2.0 , Rule:(neurons: [65, 22, 61, 26, 67, 68, 91, 94, 110, 121, 79, 34] ,signature: [0, 1, 0, 0, 0, 1, 0, 0, 0, 0, 1, 0] ),Support: 1
Class: 2.0 , Rule:(neurons: [65, 22, 61, 26, 67, 68, 91, 94, 63, 13, 8] ,signature: [0, 1, 0, 0, 0, 1, 0, 1, 1, 0, 0] ),Support: 1
Class: 2.0 , Rule:(neurons: [65, 22, 61, 26, 67, 68, 91, 94, 63, 13, 8, 113] ,signature: [0, 1, 0, 0, 0, 1, 0, 1, 1, 0, 1, 0] ),Support: 1
Class: 2.0 , Rule:(neurons: [65, 22, 61, 26, 67, 68, 91, 10, 33, 2, 16, 52, 38] ,signature: [0, 1, 0, 0, 0, 1, 1, 1, 1, 0, 1, 0, 1] ),Support: 1
Class: 2.0 , Rule:(neurons: [65, 22, 61, 26, 67, 21, 88] ,signature: [0, 1, 0, 0, 1, 1, 0] ),Support: 1
Class: 2.0 , Rule:(neurons: [65, 22, 61, 26, 94, 1, 118, 108, 91, 123, 52, 109, 62, 18, 119] ,signature: [0, 1, 0, 1, 1, 0, 0, 0, 0, 1, 0, 1, 1, 1, 0] ),Support: 1
Class: 2.0 , Rule:(neurons: [65, 22, 61, 26, 94, 1, 118, 108, 91, 123, 52, 109, 62, 18, 119, 121, 29] ,signature: [0, 1, 0, 1, 1, 0, 0, 0, 0, 1, 0, 1, 1, 1, 1, 1, 1] ),Support: 1
Class: 2.0 , Rule:(neurons: [65, 22, 61, 26, 94, 1, 118, 108, 91, 38, 66, 106, 8, 43] ,signature: [0, 1, 0, 1, 1, 0, 0, 0, 1, 0, 0, 0, 0, 0] ),Support: 1
Class: 2.0 , Rule:(neurons: [65, 22, 61, 26, 94, 1, 118, 108, 91, 38, 66, 40, 55, 63] ,signature: [0, 1, 0, 1, 1, 0, 0, 0, 1, 0, 1, 1, 0, 1] ),Support: 1
Class: 2.0 , Rule:(neurons: [65, 22, 61, 26, 94, 1, 118, 108, 25, 16, 119, 11, 127, 77] ,signature: [0, 1, 0, 1, 1, 0, 0, 1, 0, 1, 1, 0, 0, 0] ),Support: 1
Class: 2.0 , Rule:(neurons: [65, 22, 61, 26, 94, 1, 118, 108, 25, 0, 124, 113, 80, 27] ,signature: [0, 1, 0, 1, 1, 0, 0, 1, 1, 1, 0, 0, 1, 0] ),Support: 1
Class: 2.0 , Rule:(neurons: [65, 22, 61, 26, 94, 1, 118, 108, 25, 0, 124, 113, 109] ,signature: [0, 1, 0, 1, 1, 0, 0, 1, 1, 1, 0, 1, 0] ),Support: 1
Class: 2.0 , Rule:(neurons: [65, 22, 61, 26, 94, 1, 118, 108, 25, 0, 124, 99, 64, 20, 52] ,signature: [0, 1, 0, 1, 1, 0, 0, 1, 1, 1, 1, 1, 1, 1, 0] ),Support: 1
Class: 2.0 , Rule:(neurons: [65, 22, 61, 26, 94, 1, 118, 57, 74, 8, 69, 52, 51] ,signature: [0, 1, 0, 1, 1, 0, 1, 1, 1, 0, 1, 0, 0] ),Support: 1
Class: 2.0 , Rule:(neurons: [65, 22, 61, 26, 94, 1, 118, 57, 74, 8, 93, 113, 20, 40, 79, 84, 10, 91] ,signature: [0, 1, 0, 1, 1, 0, 1, 1, 1, 1, 1, 1, 1, 0, 0, 0, 0, 1] ),Support: 1
Class: 2.0 , Rule:(neurons: [65, 22, 61, 92, 10, 47, 44, 89, 106, 101, 11, 54] ,signature: [0, 1, 1, 0, 1, 0, 0, 1, 0, 0, 1, 0] ),Support: 1
Class: 2.0 , Rule:(neurons: [65, 22, 61, 92, 47, 64, 84, 15, 57, 96, 5, 44, 94, 4, 114, 109, 121] ,signature: [0, 1, 1, 1, 0, 1, 0, 1, 1, 1, 0, 1, 0, 0, 0, 0, 0] ),Support: 1
Class: 2.0 , Rule:(neurons: [65, 22, 61, 92, 47, 64, 84, 19, 122, 79] ,signature: [0, 1, 1, 1, 0, 1, 1, 0, 0, 0] ),Support: 1
Class: 2.0 , Rule:(neurons: [65, 22, 61, 92, 47, 108, 99, 27, 39, 16] ,signature: [0, 1, 1, 1, 1, 0, 0, 1, 1, 0] ),Support: 1
Class: 2.0 , Rule:(neurons: [65, 22, 61, 92, 47, 108, 99, 121, 62, 7] ,signature: [0, 1, 1, 1, 1, 0, 1, 1, 1, 0] ),Support: 1
Class: 2.0 , Rule:(neurons: [65, 22, 61, 92, 47, 108, 8, 28, 73, 39] ,signature: [0, 1, 1, 1, 1, 1, 0, 0, 0, 0] ),Support: 1
Class: 2.0 , Rule:(neurons: [65, 22, 61, 92, 47, 108, 8, 28, 73, 3, 76, 55, 91] ,signature: [0, 1, 1, 1, 1, 1, 0, 0, 1, 0, 1, 1, 1] ),Support: 1
Class: 2.0 , Rule:(neurons: [65, 22, 61, 92, 47, 108, 8, 39, 86, 91] ,signature: [0, 1, 1, 1, 1, 1, 1, 0, 1, 1] ),Support: 1
Class: 2.0 , Rule:(neurons: [65, 22, 61, 92, 47, 108, 8, 39, 11, 43, 54, 113, 26, 10] ,signature: [0, 1, 1, 1, 1, 1, 1, 1, 0, 1, 1, 1, 1, 0] ),Support: 1
Class: 2.0 , Rule:(neurons: [65, 91, 62, 4, 106, 19, 0, 89, 42, 68, 64] ,signature: [1, 0, 0, 0, 0, 1, 0, 1, 0, 1, 1] ),Support: 1
Class: 2.0 , Rule:(neurons: [65, 91, 62, 4, 106, 1, 49, 79, 52, 77, 27, 126] ,signature: [1, 0, 0, 0, 1, 0, 0, 1, 0, 1, 0, 1] ),Support: 1
Class: 2.0 , Rule:(neurons: [65, 91, 62, 4, 106, 1, 49, 79, 52, 66, 5, 15, 83, 27, 77, 63] ,signature: [1, 0, 0, 0, 1, 0, 0, 1, 1, 1, 0, 0, 0, 0, 1, 0] ),Support: 1
Class: 2.0 , Rule:(neurons: [65, 91, 62, 4, 106, 1, 49, 79, 52, 66, 5, 15, 83, 27, 96] ,signature: [1, 0, 0, 0, 1, 0, 0, 1, 1, 1, 0, 0, 0, 1, 0] ),Support: 1
Class: 2.0 , Rule:(neurons: [65, 91, 62, 4, 25, 97, 71, 48, 19, 89, 43, 86, 27, 84, 104, 80] ,signature: [1, 0, 0, 1, 1, 0, 1, 0, 0, 1, 1, 0, 1, 1, 0, 0] ),Support: 1
Class: 2.0 , Rule:(neurons: [65, 91, 62, 4, 25, 97, 71, 48, 21, 44, 49, 115, 38, 80, 101, 51, 76, 75, 2] ,signature: [1, 0, 0, 1, 1, 0, 1, 1, 0, 1, 0, 1, 0, 1, 0, 0, 1, 0, 0] ),Support: 1
Class: 2.0 , Rule:(neurons: [65, 91, 62, 25, 1, 94, 63, 15, 54, 33, 64, 51] ,signature: [1, 0, 1, 0, 0, 0, 0, 0, 1, 1, 1, 0] ),Support: 1
Class: 2.0 , Rule:(neurons: [65, 91, 62, 25, 1, 94, 63, 45, 2, 61, 51, 122, 23, 100, 108, 55, 104, 33] ,signature: [1, 0, 1, 0, 0, 0, 1, 1, 0, 0, 1, 0, 1, 1, 1, 1, 1, 0] ),Support: 1
Class: 2.0 , Rule:(neurons: [65, 91, 62, 25, 1, 94, 63, 45, 2, 61, 73, 52, 68] ,signature: [1, 0, 1, 0, 0, 0, 1, 1, 0, 1, 0, 0, 0] ),Support: 1
Class: 2.0 , Rule:(neurons: [65, 91, 62, 25, 1, 94, 104, 15, 124, 113, 48, 30] ,signature: [1, 0, 1, 0, 0, 1, 0, 0, 0, 0, 1, 0] ),Support: 1
Class: 2.0 , Rule:(neurons: [65, 91, 62, 25, 1, 94, 104, 15, 16, 47, 24, 118, 17] ,signature: [1, 0, 1, 0, 0, 1, 0, 1, 0, 1, 0, 0, 1] ),Support: 1
Class: 2.0 , Rule:(neurons: [65, 91, 62, 25, 1, 94, 104, 15, 16, 115, 45, 54, 113, 71, 44] ,signature: [1, 0, 1, 0, 0, 1, 0, 1, 1, 1, 1, 1, 0, 0, 0] ),Support: 1
Class: 2.0 , Rule:(neurons: [65, 91, 62, 25, 19, 79, 1, 51, 88, 55, 73, 2, 45, 94, 34, 29, 33, 5] ,signature: [1, 0, 1, 1, 0, 0, 0, 1, 0, 0, 0, 0, 1, 0, 1, 1, 0, 0] ),Support: 1
Class: 2.0 , Rule:(neurons: [65, 91, 62, 25, 19, 79, 1, 51, 88, 55, 73, 29, 46, 100] ,signature: [1, 0, 1, 1, 0, 0, 0, 1, 0, 0, 1, 0, 1, 0] ),Support: 1
Class: 2.0 , Rule:(neurons: [65, 91, 62, 25, 19, 79, 1, 51, 88, 55, 73, 29, 16, 106, 83, 59] ,signature: [1, 0, 1, 1, 0, 0, 0, 1, 0, 0, 1, 1, 0, 0, 1, 1] ),Support: 1
Class: 2.0 , Rule:(neurons: [65, 91, 62, 25, 19, 79, 1, 51, 88, 55, 83, 124, 115, 109, 76, 75] ,signature: [1, 0, 1, 1, 0, 0, 0, 1, 0, 1, 0, 1, 1, 0, 1, 0] ),Support: 1
Class: 2.0 , Rule:(neurons: [65, 91, 62, 25, 19, 79, 1, 51, 88, 55, 83, 82, 85, 39] ,signature: [1, 0, 1, 1, 0, 0, 0, 1, 0, 1, 1, 0, 1, 0] ),Support: 1
Class: 2.0 , Rule:(neurons: [65, 91, 62, 25, 19, 79, 21, 4, 5, 113, 3, 13, 126] ,signature: [1, 0, 1, 1, 0, 1, 0, 0, 0, 0, 0, 1, 1] ),Support: 1
Class: 2.0 , Rule:(neurons: [65, 91, 62, 25, 19, 73, 4, 102, 99, 61, 80, 78] ,signature: [1, 0, 1, 1, 1, 1, 0, 1, 0, 1, 0, 0] ),Support: 1
Class: 2.0 , Rule:(neurons: [65, 91, 82, 84, 71, 55, 17, 16, 51, 10, 25, 108, 104, 92] ,signature: [1, 1, 0, 0, 0, 0, 0, 0, 1, 1, 0, 1, 0, 0] ),Support: 1
Class: 2.0 , Rule:(neurons: [65, 91, 82, 84, 71, 108, 1, 20, 21, 9, 46] ,signature: [1, 1, 0, 0, 1, 0, 0, 0, 0, 1, 1] ),Support: 1
Class: 2.0 , Rule:(neurons: [65, 91, 82, 84, 71, 108, 1, 20, 100, 104] ,signature: [1, 1, 0, 0, 1, 0, 0, 1, 0, 0] ),Support: 1
Class: 2.0 , Rule:(neurons: [65, 91, 82, 84, 71, 108, 1, 20, 100, 63, 9] ,signature: [1, 1, 0, 0, 1, 0, 0, 1, 1, 0, 1] ),Support: 1
Class: 2.0 , Rule:(neurons: [65, 91, 82, 84, 71, 108, 17, 119, 104, 46] ,signature: [1, 1, 0, 0, 1, 1, 0, 0, 0, 0] ),Support: 1
Class: 2.0 , Rule:(neurons: [65, 91, 82, 84, 71, 108, 17, 119, 104, 57, 24, 14] ,signature: [1, 1, 0, 0, 1, 1, 0, 1, 1, 0, 1, 1] ),Support: 1
Class: 2.0 , Rule:(neurons: [65, 91, 82, 84, 71, 108, 17, 119, 104, 57, 9, 19] ,signature: [1, 1, 0, 0, 1, 1, 0, 1, 1, 1, 1, 0] ),Support: 1
Class: 2.0 , Rule:(neurons: [65, 91, 82, 84, 26, 16, 67, 48, 109, 94] ,signature: [1, 1, 0, 1, 0, 1, 0, 0, 0, 0] ),Support: 1
Class: 2.0 , Rule:(neurons: [65, 91, 82, 84, 26, 16, 67, 48, 121, 94, 83] ,signature: [1, 1, 0, 1, 0, 1, 0, 1, 1, 0, 0] ),Support: 1
Class: 2.0 , Rule:(neurons: [65, 91, 82, 63, 28, 5, 78, 57, 73] ,signature: [1, 1, 1, 0, 0, 0, 0, 1, 0] ),Support: 1
Class: 2.0 , Rule:(neurons: [65, 91, 82, 63, 28, 5, 78, 27, 86, 25, 64, 2, 108] ,signature: [1, 1, 1, 0, 0, 0, 1, 0, 1, 1, 1, 0, 1] ),Support: 1
Class: 2.0 , Rule:(neurons: [65, 91, 82, 63, 28, 5, 78, 27, 77, 48, 100, 57, 122, 13, 52] ,signature: [1, 1, 1, 0, 0, 0, 1, 1, 0, 0, 1, 0, 0, 0, 0] ),Support: 1
Class: 2.0 , Rule:(neurons: [65, 91, 82, 63, 127, 86, 62, 14, 57, 26, 68, 47] ,signature: [1, 1, 1, 1, 0, 0, 1, 0, 1, 0, 0, 1] ),Support: 1
Class: 2.0 , Rule:(neurons: [65, 91, 82, 63, 127, 86, 108, 14, 122, 115, 40, 7] ,signature: [1, 1, 1, 1, 0, 1, 0, 1, 1, 0, 0, 1] ),Support: 1
Class: 2.0 , Rule:(neurons: [65, 91, 82, 63, 127, 86, 108, 99, 94, 14, 76, 100, 19, 52, 113, 3, 7, 73] ,signature: [1, 1, 1, 1, 0, 1, 1, 0, 0, 1, 0, 1, 0, 0, 0, 0, 1, 0] ),Support: 1
Class: 2.0 , Rule:(neurons: [65, 91, 82, 63, 127, 86, 108, 99, 94, 2, 44, 126, 81] ,signature: [1, 1, 1, 1, 0, 1, 1, 0, 1, 0, 0, 0, 0] ),Support: 1
Class: 2.0 , Rule:(neurons: [65, 91, 82, 63, 127, 25, 62, 94, 47, 5, 27, 83, 116, 11] ,signature: [1, 1, 1, 1, 1, 0, 1, 0, 1, 0, 0, 0, 0, 1] ),Support: 1
Class: 2.0 , Rule:(neurons: [65, 91, 82, 63, 127, 25, 62, 94, 71, 26, 45, 24, 22, 40, 4, 55] ,signature: [1, 1, 1, 1, 1, 0, 1, 1, 1, 1, 1, 1, 0, 0, 0, 1] ),Support: 1