-0.003423354122787714
-0.001874244539067149
0.038961291313171387
0.005363792646676302
0.008340774103999138
0.022201539948582649
0.021852824836969376
0.007201084867119789
0.003714185673743486
0.013519644737243652
0.015852516517043114
-0.002034374512732029
0.007337975781410933
-0.007756363134831190
0.044440250843763351
-0.021571312099695206
0.037824656814336777
-0.031064040958881378
0.024510975927114487
0.025572009384632111
-0.000585133791901171
0.046641770750284195
0.002406155224889517
-0.007657130714505911
0.017833752557635307
-0.007765200920403004
-0.015730520710349083
0.011754812672734261
-0.030500970780849457
-0.002460645744577050
-0.015447412617504597
-0.011899433098733425
0.001688705873675644
0.021356841549277306
0.003854304784908891
-0.014488600194454193
-0.019331781193614006
0.018276009708642960
-0.008172830566763878
0.008271717466413975
0.027243517339229584
0.033651549369096756
0.004649295937269926
0.001002120086923242
-0.012593747116625309
0.025690600275993347
0.003534786868840456
0.011125139892101288
0.017491292208433151
0.019433962181210518
0.000582670210860670
-0.006792794447392225
0.016853241249918938
0.004624325782060623
0.024236066266894341
0.010194214992225170
0.006828889250755310
0.014040511101484299
0.011142464354634285
0.016750106588006020
0.017736596986651421
0.014230493456125259
-0.020115017890930176
0.001133005134761333
-0.026237165555357933
-0.001293007750064135
-0.013934428803622723
-0.006877372041344643
0.007624825928360224
0.008428185246884823
-0.027145167812705040
0.008710782043635845
-0.020536506548523903
0.004959783051162958
-0.001155093312263489
0.017764776945114136
0.015549030154943466
-0.007284760475158691
0.009587241336703300
0.011201437562704086
-0.029390735551714897
-0.033686019480228424
-0.012102653272449970
-0.010399417951703072
-0.009367212653160095
-0.038756687194108963
0.026881877332925797
-0.009256672114133835
0.003064760705456138
0.003150340169668198
-0.008149058558046818
-0.001482041436247528
0.022448668256402016
-0.009373977780342102
-0.005750956479460001
0.001784266671165824
0.009730699472129345
0.006298402789980173
0.019839020445942879
-0.013304949738085270
-0.020675936713814735
-0.005313853733241558
-0.011348344385623932
0.004402448423206806
-0.008166963234543800
-0.024990892037749290
0.006966714747250080
0.008696665987372398
-0.010175026953220367
-0.001893279142677784
0.005907525774091482
0.023916617035865784
0.019209254533052444
-0.007372938096523285
-0.002185734920203686
-0.012265727855265141
-0.008467704989016056
0.010503084398806095
-0.015032607130706310
-0.006620327010750771
-0.015450434759259224
0.002492830855771899
0.000597739301156253
0.003851077519357204
-0.003753530560061336
0.019825676456093788
-0.038820747286081314
-0.031766567379236221
