0.112427853047847748
-0.026075100526213646
-0.018325677141547203
0.128321811556816101
0.136832728981971741
0.143911167979240417
-0.120580598711967468
-0.130010098218917847
-0.057068090885877609
-0.102092564105987549
-0.115086860954761505
-0.037649963051080704
-0.029299696907401085
0.125299423933029175
0.012809659354388714
0.009569444693624973
0.133042261004447937
0.023447806015610695
-0.138238251209259033
-0.010963519103825092
0.146083161234855652
0.271508872509002686
0.058517534285783768
-0.054011456668376923
-0.126760631799697876
0.152294084429740906
0.092647984623908997
0.122141204774379730
0.200955122709274292
0.121319346129894257
-0.135931566357612610
0.183137297630310059
-0.005279462784528732
-0.012906920164823532
0.048693802207708359
-0.110072039067745209
0.123365029692649841
0.044606551527976990
0.171398252248764038
-0.062865369021892548
-0.115151241421699524
0.006480100564658642
0.041852768510580063
0.018834395334124565
0.050786454230546951
0.002949633868411183
-0.080713026225566864
0.204385221004486084
0.055072825402021408
-0.027782451361417770
