0.026063309982419014
0.016980513930320740
-0.031642988324165344
0.049075532704591751
-0.121599547564983368
0.011609960347414017
-0.179942548274993896
-0.164584308862686157
0.005178922321647406
-0.108680859208106995
-0.159834027290344238
0.011160055175423622
0.004082974512130022
-0.078313589096069336
-0.137378513813018799
0.081654705107212067
-0.002596879843622446
-0.004861057270318270
0.026899710297584534
0.164479091763496399
0.056320611387491226
-0.031239075586199760
-0.086676873266696930
-0.051939822733402252
0.116544879972934723
-0.159790650010108948
-0.073720090091228485
0.109631255269050598
-0.143932461738586426
0.035006042569875717
0.043462246656417847
0.112363733351230621
-0.103809058666229248
-0.109303303062915802
0.196155086159706116
0.005185651592910290
0.120992496609687805
0.010929239913821220
0.113005265593528748
-0.129371210932731628
0.122501380741596222
-0.152983248233795166
-0.236603945493698120
0.110056728124618530
-0.083392441272735596
-0.198988914489746094
-0.093899928033351898
-0.135625213384628296
-0.017886931076645851
-0.191311046481132507
