0.024839963763952255
0.122034385800361633
0.045614298433065414
-0.035747166723012924
0.050770819187164307
0.214835703372955322
0.103780396282672882
0.191157042980194092
0.174859032034873962
-0.038051847368478775
-0.024526918306946754
0.047029685229063034
0.155784904956817627
0.016778107732534409
-0.071134932339191437
0.076150119304656982
-0.047962464392185211
0.039279051125049591
-0.042288038879632950
0.149464979767799377
0.073573976755142212
0.285425394773483276
-0.001644635573029518
0.039475794881582260
-0.056579861789941788
-0.146885409951210022
0.095065265893936157
-0.043092451989650726
-0.044815827161073685
0.166284963488578796
0.041511788964271545
0.152125731110572815
0.227904379367828369
0.085103385150432587
0.071365237236022949
-0.038599234074354172
-0.035257324576377869
0.066035896539688110
0.035268750041723251
0.015257074497640133
-0.004870940931141376
0.205620735883712769
-0.005087050609290600
0.019376846030354500
0.030295627191662788
0.165370464324951172
0.070337109267711639
0.016337299719452858
-0.018683928996324539
0.282384186983108521
