0.009812460280954838
0.018767658621072769
-0.025130491703748703
0.047536760568618774
-0.122685059905052185
0.012238292023539543
-0.182991400361061096
-0.165208891034126282
0.003711515339091420
-0.105226606130599976
-0.153460726141929626
0.004515531472861767
0.004725567996501923
-0.076269105076789856
-0.140571326017379761
0.080318510532379150
-0.009722717106342316
-0.008171175606548786
0.029351787641644478
0.169423907995223999
0.047283418476581573
-0.032500911504030228
-0.089682549238204956
-0.049680072814226151
0.110124982893466949
-0.159038573503494263
-0.082804322242736816
0.112832769751548767
-0.152740597724914551
0.025576265528798103
0.044183261692523956
0.112084344029426575
-0.098187536001205444
-0.116619765758514404
0.193846672773361206
0.014388980343937874
0.122696943581104279
0.014546753838658333
0.114833146333694458
-0.132420882582664490
0.118679828941822052
-0.157390862703323364
-0.246437594294548035
0.112543672323226929
-0.081553503870964050
-0.198237866163253784
-0.097292765974998474
-0.137198656797409058
-0.019359057769179344
-0.189199164509773254
