0.027941783890128136
0.132275685667991638
0.048233557492494583
-0.020083688199520111
0.028210571035742760
0.218734577298164368
0.099183335900306702
0.181479543447494507
0.176300942897796631
-0.034919910132884979
-0.024526918306946754
0.056794174015522003
0.164622321724891663
0.007390083279460669
-0.055035110563039780
0.077802486717700958
-0.068501554429531097
0.062993332743644714
-0.038896407932043076
0.145309880375862122
0.086465172469615936
0.293176651000976562
-0.011941273696720600
0.040667925029993057
-0.041350524872541428
-0.148561090230941772
0.102388739585876465
-0.043595071882009506
-0.044815827161073685
0.165426909923553467
0.061254631727933884
0.149863362312316895
0.221978947520256042
0.095939613878726959
0.072867952287197113
-0.038599234074354172
-0.043819803744554520
0.064874082803726196
0.031657464802265167
0.020125711336731911
-0.010711744427680969
0.226993650197982788
-0.019231604412198067
0.026315417140722275
0.021568272262811661
0.158804878592491150
0.073469266295433044
0.018535220995545387
-0.022735035046935081
0.281220108270645142
