-0.034468092024326324
0.020076494663953781
0.232171401381492615
-0.058410502970218658
0.162530019879341125
0.065794982016086578
-0.084733940660953522
0.236163184046745300
0.084454983472824097
-0.022321436554193497
0.202397882938385010
-0.092548616230487823
0.185971081256866455
0.159630134701728821
-0.017107581719756126
-0.030930029228329659
0.011700278148055077
0.173825547099113464
0.088690444827079773
0.140162631869316101
0.006919770035892725
0.012143872678279877
-0.045873265713453293
0.072255417704582214
0.067472323775291443
-0.046397406607866287
0.126932129263877869
-0.050831343978643417
0.039453893899917603
0.001568718231283128
-0.171399280428886414
0.158833444118499756
-0.035937435925006866
0.109211012721061707
-0.159453347325325012
0.063715003430843353
0.076341554522514343
0.037763923406600952
-0.108903422951698303
-0.059056449681520462
0.038176778703927994
-0.143514648079872131
-0.037121854722499847
-0.089987896382808685
-0.059481345117092133
0.064807675778865814
-0.091633729636669159
-0.000204840034712106
-0.083455421030521393
-0.055136919021606445
