0.134697049856185913
0.001016817870549858
-0.038363121449947357
0.125387504696846008
0.149845808744430542
0.145752713084220886
-0.105985276401042938
-0.117534518241882324
-0.057068090885877609
-0.101329773664474487
-0.112750291824340820
-0.037649963051080704
-0.029299696907401085
0.143255114555358887
0.009058061987161636
0.008892907761037350
0.126545190811157227
0.026481768116354942
-0.144819661974906921
-0.010963519103825092
0.138286545872688293
0.268686980009078979
0.059557445347309113
-0.085640914738178253
-0.127903774380683899
0.151545435190200806
0.095941312611103058
0.139310672879219055
0.196564629673957825
0.139796763658523560
-0.155790090560913086
0.185195699334144592
0.001873308210633695
0.001517512486316264
0.028780763968825340
-0.120628960430622101
0.134398862719535828
0.057896740734577179
0.172977924346923828
-0.062865369021892548
-0.133663862943649292
0.007628829218447208
0.052720483392477036
0.013390102423727512
0.064481109380722046
0.010706310160458088
-0.080713026225566864
0.216858029365539551
0.062831096351146698
-0.014265322126448154
