-0.087959915399551392
-0.044605653733015060
0.166202723979949951
0.042498234659433365
-0.034452240914106369
-0.034666810184717178
0.268826812505722046
-0.051824193447828293
-0.297891944646835327
-0.025757724419236183
0.047642048448324203
0.093555755913257599
-0.006426111795008183
0.057478636503219604
-0.054949223995208740
-0.039045531302690506
-0.103230014443397522
-0.109399981796741486
0.051464926451444626
-0.157688364386558533
-0.045112818479537964
0.104649551212787628
-0.006497223861515522
-0.030160393565893173
0.004678079858422279
-0.040464222431182861
0.009188530035316944
-0.117282316088676453
0.200456887483596802
0.019068926572799683
0.126596048474311829
-0.216453969478607178
0.034762594848871231
-0.052903924137353897
-0.062723629176616669
0.079264126718044281
0.001053992076776922
-0.062847726047039032
-0.066486164927482605
-0.298391401767730713
0.115994744002819061
-0.127650812268257141
-0.128936037421226501
0.033693265169858932
0.132678583264350891
-0.093340896070003510
0.162768155336380005
-0.063840746879577637
0.071282543241977692
-0.028008624911308289
